timestamp,agent_index,action,score,is_win,is_lose,game_over,map_matrix
2025-05-31T11:25:09.247230,0,West,0.0,False,False,False,"[[0, 0, 0, 0, 0, 0, 0, 0, 0, 0, 0], [0, 2, 2, 2, 2, 2, 2, 2, 2, 3, 0], [0, 2, 0, 0, 0, 2, 0, 0, 0, 2, 0], [0, 2, 0, 2, 2, 2, 2, 2, 0, 2, 0], [0, 2, 2, 2, 0, 2, 0, 2, 2, 2, 0], [0, 0, 0, 2, 0, 2, 0, 2, 0, 0, 0], [0, 2, 2, 2, 2, 2, 2, 2, 2, 2, 0], [0, 2, 0, 2, 0, 0, 0, 2, 0, 2, 0], [0, 2, 0, 2, 0, 4, 0, 2, 0, 2, 0], [0, 5, 0, 2, 0, 1, 1, 2, 0, 2, 0], [0, 2, 0, 2, 0, 1, 1, 2, 0, 2, 0], [0, 2, 0, 2, 0, 4, 0, 2, 0, 2, 0], [0, 2, 0, 2, 0, 0, 0, 2, 0, 2, 0], [0, 2, 2, 2, 2, 2, 2, 2, 2, 2, 0], [0, 0, 0, 2, 0, 2, 0, 2, 0, 0, 0], [0, 2, 2, 2, 0, 2, 0, 2, 2, 2, 0], [0, 2, 0, 2, 2, 2, 2, 2, 0, 2, 0], [0, 2, 0, 0, 0, 2, 0, 0, 0, 2, 0], [0, 3, 2, 2, 2, 2, 2, 2, 2, 2, 0], [0, 0, 0, 0, 0, 0, 0, 0, 0, 0, 0]]"
2025-05-31T11:25:09.523341,0,West,9.0,False,False,False,"[[0, 0, 0, 0, 0, 0, 0, 0, 0, 0, 0], [0, 2, 2, 2, 2, 2, 2, 2, 2, 3, 0], [0, 2, 0, 0, 0, 2, 0, 0, 0, 2, 0], [0, 2, 0, 2, 2, 2, 2, 2, 0, 2, 0], [0, 2, 2, 2, 0, 2, 0, 2, 2, 2, 0], [0, 0, 0, 2, 0, 2, 0, 2, 0, 0, 0], [0, 2, 2, 2, 2, 2, 2, 2, 2, 2, 0], [0, 2, 0, 2, 0, 0, 0, 2, 0, 2, 0], [0, 5, 0, 2, 0, 1, 0, 2, 0, 2, 0], [0, 1, 0, 2, 0, 4, 1, 2, 0, 2, 0], [0, 2, 0, 2, 0, 4, 1, 2, 0, 2, 0], [0, 2, 0, 2, 0, 1, 0, 2, 0, 2, 0], [0, 2, 0, 2, 0, 0, 0, 2, 0, 2, 0], [0, 2, 2, 2, 2, 2, 2, 2, 2, 2, 0], [0, 0, 0, 2, 0, 2, 0, 2, 0, 0, 0], [0, 2, 2, 2, 0, 2, 0, 2, 2, 2, 0], [0, 2, 0, 2, 2, 2, 2, 2, 0, 2, 0], [0, 2, 0, 0, 0, 2, 0, 0, 0, 2, 0], [0, 3, 2, 2, 2, 2, 2, 2, 2, 2, 0], [0, 0, 0, 0, 0, 0, 0, 0, 0, 0, 0]]"
2025-05-31T11:25:09.860417,0,West,18.0,False,False,False,"[[0, 0, 0, 0, 0, 0, 0, 0, 0, 0, 0], [0, 2, 2, 2, 2, 2, 2, 2, 2, 3, 0], [0, 2, 0, 0, 0, 2, 0, 0, 0, 2, 0], [0, 2, 0, 2, 2, 2, 2, 2, 0, 2, 0], [0, 2, 2, 2, 0, 2, 0, 2, 2, 2, 0], [0, 0, 0, 2, 0, 2, 0, 2, 0, 0, 0], [0, 2, 2, 2, 2, 2, 2, 2, 2, 2, 0], [0, 5, 0, 2, 0, 0, 0, 2, 0, 2, 0], [0, 1, 0, 2, 0, 1, 0, 2, 0, 2, 0], [0, 1, 0, 2, 0, 4, 4, 2, 0, 2, 0], [0, 2, 0, 2, 0, 1, 1, 2, 0, 2, 0], [0, 2, 0, 2, 0, 1, 0, 2, 0, 2, 0], [0, 2, 0, 2, 0, 0, 0, 2, 0, 2, 0], [0, 2, 2, 2, 2, 2, 2, 2, 2, 2, 0], [0, 0, 0, 2, 0, 2, 0, 2, 0, 0, 0], [0, 2, 2, 2, 0, 2, 0, 2, 2, 2, 0], [0, 2, 0, 2, 2, 2, 2, 2, 0, 2, 0], [0, 2, 0, 0, 0, 2, 0, 0, 0, 2, 0], [0, 3, 2, 2, 2, 2, 2, 2, 2, 2, 0], [0, 0, 0, 0, 0, 0, 0, 0, 0, 0, 0]]"
2025-05-31T11:25:10.157205,0,North,27.0,False,False,False,"[[0, 0, 0, 0, 0, 0, 0, 0, 0, 0, 0], [0, 2, 2, 2, 2, 2, 2, 2, 2, 3, 0], [0, 2, 0, 0, 0, 2, 0, 0, 0, 2, 0], [0, 2, 0, 2, 2, 2, 2, 2, 0, 2, 0], [0, 2, 2, 2, 0, 2, 0, 2, 2, 2, 0], [0, 0, 0, 2, 0, 2, 0, 2, 0, 0, 0], [0, 5, 2, 2, 2, 2, 2, 2, 2, 2, 0], [0, 1, 0, 2, 0, 0, 0, 2, 0, 2, 0], [0, 1, 0, 2, 0, 4, 0, 2, 0, 2, 0], [0, 1, 0, 2, 0, 1, 1, 2, 0, 2, 0], [0, 2, 0, 2, 0, 1, 4, 2, 0, 2, 0], [0, 2, 0, 2, 0, 1, 0, 2, 0, 2, 0], [0, 2, 0, 2, 0, 0, 0, 2, 0, 2, 0], [0, 2, 2, 2, 2, 2, 2, 2, 2, 2, 0], [0, 0, 0, 2, 0, 2, 0, 2, 0, 0, 0], [0, 2, 2, 2, 0, 2, 0, 2, 2, 2, 0], [0, 2, 0, 2, 2, 2, 2, 2, 0, 2, 0], [0, 2, 0, 0, 0, 2, 0, 0, 0, 2, 0], [0, 3, 2, 2, 2, 2, 2, 2, 2, 2, 0], [0, 0, 0, 0, 0, 0, 0, 0, 0, 0, 0]]"
2025-05-31T11:25:10.570139,0,North,36.0,False,False,False,"[[0, 0, 0, 0, 0, 0, 0, 0, 0, 0, 0], [0, 2, 2, 2, 2, 2, 2, 2, 2, 3, 0], [0, 2, 0, 0, 0, 2, 0, 0, 0, 2, 0], [0, 2, 0, 2, 2, 2, 2, 2, 0, 2, 0], [0, 2, 2, 2, 0, 2, 0, 2, 2, 2, 0], [0, 0, 0, 2, 0, 2, 0, 2, 0, 0, 0], [0, 1, 5, 2, 2, 2, 2, 2, 2, 2, 0], [0, 1, 0, 2, 0, 0, 0, 2, 0, 2, 0], [0, 1, 0, 2, 0, 1, 0, 2, 0, 2, 0], [0, 1, 0, 2, 0, 4, 1, 2, 0, 2, 0], [0, 2, 0, 2, 0, 4, 1, 2, 0, 2, 0], [0, 2, 0, 2, 0, 1, 0, 2, 0, 2, 0], [0, 2, 0, 2, 0, 0, 0, 2, 0, 2, 0], [0, 2, 2, 2, 2, 2, 2, 2, 2, 2, 0], [0, 0, 0, 2, 0, 2, 0, 2, 0, 0, 0], [0, 2, 2, 2, 0, 2, 0, 2, 2, 2, 0], [0, 2, 0, 2, 2, 2, 2, 2, 0, 2, 0], [0, 2, 0, 0, 0, 2, 0, 0, 0, 2, 0], [0, 3, 2, 2, 2, 2, 2, 2, 2, 2, 0], [0, 0, 0, 0, 0, 0, 0, 0, 0, 0, 0]]"
2025-05-31T11:25:10.891920,0,West,45.0,False,False,False,"[[0, 0, 0, 0, 0, 0, 0, 0, 0, 0, 0], [0, 2, 2, 2, 2, 2, 2, 2, 2, 3, 0], [0, 2, 0, 0, 0, 2, 0, 0, 0, 2, 0], [0, 2, 0, 2, 2, 2, 2, 2, 0, 2, 0], [0, 2, 2, 2, 0, 2, 0, 2, 2, 2, 0], [0, 0, 0, 2, 0, 2, 0, 2, 0, 0, 0], [0, 1, 1, 5, 2, 2, 2, 2, 2, 2, 0], [0, 1, 0, 2, 0, 0, 0, 2, 0, 2, 0], [0, 1, 0, 2, 0, 1, 0, 2, 0, 2, 0], [0, 1, 0, 2, 0, 4, 1, 2, 0, 2, 0], [0, 2, 0, 2, 0, 4, 1, 2, 0, 2, 0], [0, 2, 0, 2, 0, 1, 0, 2, 0, 2, 0], [0, 2, 0, 2, 0, 0, 0, 2, 0, 2, 0], [0, 2, 2, 2, 2, 2, 2, 2, 2, 2, 0], [0, 0, 0, 2, 0, 2, 0, 2, 0, 0, 0], [0, 2, 2, 2, 0, 2, 0, 2, 2, 2, 0], [0, 2, 0, 2, 2, 2, 2, 2, 0, 2, 0], [0, 2, 0, 0, 0, 2, 0, 0, 0, 2, 0], [0, 3, 2, 2, 2, 2, 2, 2, 2, 2, 0], [0, 0, 0, 0, 0, 0, 0, 0, 0, 0, 0]]"
2025-05-31T11:25:11.205321,0,West,54.0,False,False,False,"[[0, 0, 0, 0, 0, 0, 0, 0, 0, 0, 0], [0, 2, 2, 2, 2, 2, 2, 2, 2, 3, 0], [0, 2, 0, 0, 0, 2, 0, 0, 0, 2, 0], [0, 2, 0, 2, 2, 2, 2, 2, 0, 2, 0], [0, 2, 2, 2, 0, 2, 0, 2, 2, 2, 0], [0, 0, 0, 5, 0, 2, 0, 2, 0, 0, 0], [0, 1, 1, 1, 2, 2, 2, 2, 2, 2, 0], [0, 1, 0, 2, 0, 0, 0, 2, 0, 2, 0], [0, 1, 0, 2, 0, 1, 0, 2, 0, 2, 0], [0, 1, 0, 2, 0, 1, 4, 2, 0, 2, 0], [0, 2, 0, 2, 0, 1, 1, 2, 0, 2, 0], [0, 2, 0, 2, 0, 4, 0, 2, 0, 2, 0], [0, 2, 0, 2, 0, 0, 0, 2, 0, 2, 0], [0, 2, 2, 2, 2, 2, 2, 2, 2, 2, 0], [0, 0, 0, 2, 0, 2, 0, 2, 0, 0, 0], [0, 2, 2, 2, 0, 2, 0, 2, 2, 2, 0], [0, 2, 0, 2, 2, 2, 2, 2, 0, 2, 0], [0, 2, 0, 0, 0, 2, 0, 0, 0, 2, 0], [0, 3, 2, 2, 2, 2, 2, 2, 2, 2, 0], [0, 0, 0, 0, 0, 0, 0, 0, 0, 0, 0]]"
2025-05-31T11:25:11.527329,0,West,63.0,False,False,False,"[[0, 0, 0, 0, 0, 0, 0, 0, 0, 0, 0], [0, 2, 2, 2, 2, 2, 2, 2, 2, 3, 0], [0, 2, 0, 0, 0, 2, 0, 0, 0, 2, 0], [0, 2, 0, 2, 2, 2, 2, 2, 0, 2, 0], [0, 2, 2, 5, 0, 2, 0, 2, 2, 2, 0], [0, 0, 0, 1, 0, 2, 0, 2, 0, 0, 0], [0, 1, 1, 1, 2, 2, 2, 2, 2, 2, 0], [0, 1, 0, 2, 0, 0, 0, 2, 0, 2, 0], [0, 1, 0, 2, 0, 1, 0, 2, 0, 2, 0], [0, 1, 0, 2, 0, 1, 1, 4, 0, 2, 0], [0, 2, 0, 2, 0, 4, 1, 2, 0, 2, 0], [0, 2, 0, 2, 0, 1, 0, 2, 0, 2, 0], [0, 2, 0, 2, 0, 0, 0, 2, 0, 2, 0], [0, 2, 2, 2, 2, 2, 2, 2, 2, 2, 0], [0, 0, 0, 2, 0, 2, 0, 2, 0, 0, 0], [0, 2, 2, 2, 0, 2, 0, 2, 2, 2, 0], [0, 2, 0, 2, 2, 2, 2, 2, 0, 2, 0], [0, 2, 0, 0, 0, 2, 0, 0, 0, 2, 0], [0, 3, 2, 2, 2, 2, 2, 2, 2, 2, 0], [0, 0, 0, 0, 0, 0, 0, 0, 0, 0, 0]]"
2025-05-31T11:25:11.801076,0,East,72.0,False,False,False,"[[0, 0, 0, 0, 0, 0, 0, 0, 0, 0, 0], [0, 2, 2, 2, 2, 2, 2, 2, 2, 3, 0], [0, 2, 0, 0, 0, 2, 0, 0, 0, 2, 0], [0, 2, 0, 5, 2, 2, 2, 2, 0, 2, 0], [0, 2, 2, 1, 0, 2, 0, 2, 2, 2, 0], [0, 0, 0, 1, 0, 2, 0, 2, 0, 0, 0], [0, 1, 1, 1, 2, 2, 2, 2, 2, 2, 0], [0, 1, 0, 2, 0, 0, 0, 2, 0, 2, 0], [0, 1, 0, 2, 0, 1, 0, 4, 0, 2, 0], [0, 1, 0, 2, 0, 4, 1, 2, 0, 2, 0], [0, 2, 0, 2, 0, 1, 1, 2, 0, 2, 0], [0, 2, 0, 2, 0, 1, 0, 2, 0, 2, 0], [0, 2, 0, 2, 0, 0, 0, 2, 0, 2, 0], [0, 2, 2, 2, 2, 2, 2, 2, 2, 2, 0], [0, 0, 0, 2, 0, 2, 0, 2, 0, 0, 0], [0, 2, 2, 2, 0, 2, 0, 2, 2, 2, 0], [0, 2, 0, 2, 2, 2, 2, 2, 0, 2, 0], [0, 2, 0, 0, 0, 2, 0, 0, 0, 2, 0], [0, 3, 2, 2, 2, 2, 2, 2, 2, 2, 0], [0, 0, 0, 0, 0, 0, 0, 0, 0, 0, 0]]"
2025-05-31T11:25:12.086071,0,South,71.0,False,False,False,"[[0, 0, 0, 0, 0, 0, 0, 0, 0, 0, 0], [0, 2, 2, 2, 2, 2, 2, 2, 2, 3, 0], [0, 2, 0, 0, 0, 2, 0, 0, 0, 2, 0], [0, 2, 0, 1, 2, 2, 2, 2, 0, 2, 0], [0, 2, 2, 5, 0, 2, 0, 2, 2, 2, 0], [0, 0, 0, 1, 0, 2, 0, 2, 0, 0, 0], [0, 1, 1, 1, 2, 2, 2, 2, 2, 2, 0], [0, 1, 0, 2, 0, 0, 0, 4, 0, 2, 0], [0, 1, 0, 2, 0, 1, 0, 2, 0, 2, 0], [0, 1, 0, 2, 0, 1, 4, 2, 0, 2, 0], [0, 2, 0, 2, 0, 1, 1, 2, 0, 2, 0], [0, 2, 0, 2, 0, 1, 0, 2, 0, 2, 0], [0, 2, 0, 2, 0, 0, 0, 2, 0, 2, 0], [0, 2, 2, 2, 2, 2, 2, 2, 2, 2, 0], [0, 0, 0, 2, 0, 2, 0, 2, 0, 0, 0], [0, 2, 2, 2, 0, 2, 0, 2, 2, 2, 0], [0, 2, 0, 2, 2, 2, 2, 2, 0, 2, 0], [0, 2, 0, 0, 0, 2, 0, 0, 0, 2, 0], [0, 3, 2, 2, 2, 2, 2, 2, 2, 2, 0], [0, 0, 0, 0, 0, 0, 0, 0, 0, 0, 0]]"
2025-05-31T11:25:12.300680,0,South,80.0,False,False,False,"[[0, 0, 0, 0, 0, 0, 0, 0, 0, 0, 0], [0, 2, 2, 2, 2, 2, 2, 2, 2, 3, 0], [0, 2, 0, 0, 0, 2, 0, 0, 0, 2, 0], [0, 2, 0, 1, 2, 2, 2, 2, 0, 2, 0], [0, 2, 5, 1, 0, 2, 0, 2, 2, 2, 0], [0, 0, 0, 1, 0, 2, 0, 2, 0, 0, 0], [0, 1, 1, 1, 2, 2, 2, 4, 2, 2, 0], [0, 1, 0, 2, 0, 0, 0, 2, 0, 2, 0], [0, 1, 0, 2, 0, 1, 0, 2, 0, 2, 0], [0, 1, 0, 2, 0, 1, 1, 4, 0, 2, 0], [0, 2, 0, 2, 0, 1, 1, 2, 0, 2, 0], [0, 2, 0, 2, 0, 1, 0, 2, 0, 2, 0], [0, 2, 0, 2, 0, 0, 0, 2, 0, 2, 0], [0, 2, 2, 2, 2, 2, 2, 2, 2, 2, 0], [0, 0, 0, 2, 0, 2, 0, 2, 0, 0, 0], [0, 2, 2, 2, 0, 2, 0, 2, 2, 2, 0], [0, 2, 0, 2, 2, 2, 2, 2, 0, 2, 0], [0, 2, 0, 0, 0, 2, 0, 0, 0, 2, 0], [0, 3, 2, 2, 2, 2, 2, 2, 2, 2, 0], [0, 0, 0, 0, 0, 0, 0, 0, 0, 0, 0]]"
2025-05-31T11:25:12.430924,0,West,89.0,False,False,False,"[[0, 0, 0, 0, 0, 0, 0, 0, 0, 0, 0], [0, 2, 2, 2, 2, 2, 2, 2, 2, 3, 0], [0, 2, 0, 0, 0, 2, 0, 0, 0, 2, 0], [0, 2, 0, 1, 2, 2, 2, 2, 0, 2, 0], [0, 5, 1, 1, 0, 2, 0, 2, 2, 2, 0], [0, 0, 0, 1, 0, 2, 0, 4, 0, 0, 0], [0, 1, 1, 1, 2, 2, 2, 2, 2, 2, 0], [0, 1, 0, 2, 0, 0, 0, 2, 0, 2, 0], [0, 1, 0, 2, 0, 1, 0, 4, 0, 2, 0], [0, 1, 0, 2, 0, 1, 1, 2, 0, 2, 0], [0, 2, 0, 2, 0, 1, 1, 2, 0, 2, 0], [0, 2, 0, 2, 0, 1, 0, 2, 0, 2, 0], [0, 2, 0, 2, 0, 0, 0, 2, 0, 2, 0], [0, 2, 2, 2, 2, 2, 2, 2, 2, 2, 0], [0, 0, 0, 2, 0, 2, 0, 2, 0, 0, 0], [0, 2, 2, 2, 0, 2, 0, 2, 2, 2, 0], [0, 2, 0, 2, 2, 2, 2, 2, 0, 2, 0], [0, 2, 0, 0, 0, 2, 0, 0, 0, 2, 0], [0, 3, 2, 2, 2, 2, 2, 2, 2, 2, 0], [0, 0, 0, 0, 0, 0, 0, 0, 0, 0, 0]]"
2025-05-31T11:25:12.580142,0,West,98.0,False,False,False,"[[0, 0, 0, 0, 0, 0, 0, 0, 0, 0, 0], [0, 2, 2, 2, 2, 2, 2, 2, 2, 3, 0], [0, 2, 0, 0, 0, 2, 0, 0, 0, 2, 0], [0, 5, 0, 1, 2, 2, 2, 2, 0, 2, 0], [0, 1, 1, 1, 0, 2, 0, 4, 2, 2, 0], [0, 0, 0, 1, 0, 2, 0, 2, 0, 0, 0], [0, 1, 1, 1, 2, 2, 2, 2, 2, 2, 0], [0, 1, 0, 2, 0, 0, 0, 4, 0, 2, 0], [0, 1, 0, 2, 0, 1, 0, 2, 0, 2, 0], [0, 1, 0, 2, 0, 1, 1, 2, 0, 2, 0], [0, 2, 0, 2, 0, 1, 1, 2, 0, 2, 0], [0, 2, 0, 2, 0, 1, 0, 2, 0, 2, 0], [0, 2, 0, 2, 0, 0, 0, 2, 0, 2, 0], [0, 2, 2, 2, 2, 2, 2, 2, 2, 2, 0], [0, 0, 0, 2, 0, 2, 0, 2, 0, 0, 0], [0, 2, 2, 2, 0, 2, 0, 2, 2, 2, 0], [0, 2, 0, 2, 2, 2, 2, 2, 0, 2, 0], [0, 2, 0, 0, 0, 2, 0, 0, 0, 2, 0], [0, 3, 2, 2, 2, 2, 2, 2, 2, 2, 0], [0, 0, 0, 0, 0, 0, 0, 0, 0, 0, 0]]"
2025-05-31T11:25:12.751296,0,West,107.0,False,False,False,"[[0, 0, 0, 0, 0, 0, 0, 0, 0, 0, 0], [0, 2, 2, 2, 2, 2, 2, 2, 2, 3, 0], [0, 5, 0, 0, 0, 2, 0, 0, 0, 2, 0], [0, 1, 0, 1, 2, 2, 2, 4, 0, 2, 0], [0, 1, 1, 1, 0, 2, 0, 2, 2, 2, 0], [0, 0, 0, 1, 0, 2, 0, 2, 0, 0, 0], [0, 1, 1, 1, 2, 2, 2, 4, 2, 2, 0], [0, 1, 0, 2, 0, 0, 0, 2, 0, 2, 0], [0, 1, 0, 2, 0, 1, 0, 2, 0, 2, 0], [0, 1, 0, 2, 0, 1, 1, 2, 0, 2, 0], [0, 2, 0, 2, 0, 1, 1, 2, 0, 2, 0], [0, 2, 0, 2, 0, 1, 0, 2, 0, 2, 0], [0, 2, 0, 2, 0, 0, 0, 2, 0, 2, 0], [0, 2, 2, 2, 2, 2, 2, 2, 2, 2, 0], [0, 0, 0, 2, 0, 2, 0, 2, 0, 0, 0], [0, 2, 2, 2, 0, 2, 0, 2, 2, 2, 0], [0, 2, 0, 2, 2, 2, 2, 2, 0, 2, 0], [0, 2, 0, 0, 0, 2, 0, 0, 0, 2, 0], [0, 3, 2, 2, 2, 2, 2, 2, 2, 2, 0], [0, 0, 0, 0, 0, 0, 0, 0, 0, 0, 0]]"
2025-05-31T11:25:12.946158,0,North,116.0,False,False,False,"[[0, 0, 0, 0, 0, 0, 0, 0, 0, 0, 0], [0, 5, 2, 2, 2, 2, 2, 2, 2, 3, 0], [0, 1, 0, 0, 0, 2, 0, 0, 0, 2, 0], [0, 1, 0, 1, 2, 2, 4, 2, 0, 2, 0], [0, 1, 1, 1, 0, 2, 0, 2, 2, 2, 0], [0, 0, 0, 1, 0, 2, 0, 2, 0, 0, 0], [0, 1, 1, 1, 2, 2, 4, 2, 2, 2, 0], [0, 1, 0, 2, 0, 0, 0, 2, 0, 2, 0], [0, 1, 0, 2, 0, 1, 0, 2, 0, 2, 0], [0, 1, 0, 2, 0, 1, 1, 2, 0, 2, 0], [0, 2, 0, 2, 0, 1, 1, 2, 0, 2, 0], [0, 2, 0, 2, 0, 1, 0, 2, 0, 2, 0], [0, 2, 0, 2, 0, 0, 0, 2, 0, 2, 0], [0, 2, 2, 2, 2, 2, 2, 2, 2, 2, 0], [0, 0, 0, 2, 0, 2, 0, 2, 0, 0, 0], [0, 2, 2, 2, 0, 2, 0, 2, 2, 2, 0], [0, 2, 0, 2, 2, 2, 2, 2, 0, 2, 0], [0, 2, 0, 0, 0, 2, 0, 0, 0, 2, 0], [0, 3, 2, 2, 2, 2, 2, 2, 2, 2, 0], [0, 0, 0, 0, 0, 0, 0, 0, 0, 0, 0]]"
2025-05-31T11:25:13.202803,0,North,125.0,False,False,False,"[[0, 0, 0, 0, 0, 0, 0, 0, 0, 0, 0], [0, 1, 5, 2, 2, 2, 2, 2, 2, 3, 0], [0, 1, 0, 0, 0, 2, 0, 0, 0, 2, 0], [0, 1, 0, 1, 2, 4, 2, 2, 0, 2, 0], [0, 1, 1, 1, 0, 2, 0, 2, 2, 2, 0], [0, 0, 0, 1, 0, 2, 0, 2, 0, 0, 0], [0, 1, 1, 1, 2, 4, 2, 2, 2, 2, 0], [0, 1, 0, 2, 0, 0, 0, 2, 0, 2, 0], [0, 1, 0, 2, 0, 1, 0, 2, 0, 2, 0], [0, 1, 0, 2, 0, 1, 1, 2, 0, 2, 0], [0, 2, 0, 2, 0, 1, 1, 2, 0, 2, 0], [0, 2, 0, 2, 0, 1, 0, 2, 0, 2, 0], [0, 2, 0, 2, 0, 0, 0, 2, 0, 2, 0], [0, 2, 2, 2, 2, 2, 2, 2, 2, 2, 0], [0, 0, 0, 2, 0, 2, 0, 2, 0, 0, 0], [0, 2, 2, 2, 0, 2, 0, 2, 2, 2, 0], [0, 2, 0, 2, 2, 2, 2, 2, 0, 2, 0], [0, 2, 0, 0, 0, 2, 0, 0, 0, 2, 0], [0, 3, 2, 2, 2, 2, 2, 2, 2, 2, 0], [0, 0, 0, 0, 0, 0, 0, 0, 0, 0, 0]]"
2025-05-31T11:25:13.354876,0,North,134.0,False,False,False,"[[0, 0, 0, 0, 0, 0, 0, 0, 0, 0, 0], [0, 1, 1, 5, 2, 2, 2, 2, 2, 3, 0], [0, 1, 0, 0, 0, 2, 0, 0, 0, 2, 0], [0, 1, 0, 1, 4, 2, 2, 2, 0, 2, 0], [0, 1, 1, 1, 0, 2, 0, 2, 2, 2, 0], [0, 0, 0, 1, 0, 4, 0, 2, 0, 0, 0], [0, 1, 1, 1, 2, 2, 2, 2, 2, 2, 0], [0, 1, 0, 2, 0, 0, 0, 2, 0, 2, 0], [0, 1, 0, 2, 0, 1, 0, 2, 0, 2, 0], [0, 1, 0, 2, 0, 1, 1, 2, 0, 2, 0], [0, 2, 0, 2, 0, 1, 1, 2, 0, 2, 0], [0, 2, 0, 2, 0, 1, 0, 2, 0, 2, 0], [0, 2, 0, 2, 0, 0, 0, 2, 0, 2, 0], [0, 2, 2, 2, 2, 2, 2, 2, 2, 2, 0], [0, 0, 0, 2, 0, 2, 0, 2, 0, 0, 0], [0, 2, 2, 2, 0, 2, 0, 2, 2, 2, 0], [0, 2, 0, 2, 2, 2, 2, 2, 0, 2, 0], [0, 2, 0, 0, 0, 2, 0, 0, 0, 2, 0], [0, 3, 2, 2, 2, 2, 2, 2, 2, 2, 0], [0, 0, 0, 0, 0, 0, 0, 0, 0, 0, 0]]"
2025-05-31T11:25:13.514962,0,North,143.0,False,False,False,"[[0, 0, 0, 0, 0, 0, 0, 0, 0, 0, 0], [0, 1, 1, 1, 5, 2, 2, 2, 2, 3, 0], [0, 1, 0, 0, 0, 2, 0, 0, 0, 2, 0], [0, 1, 0, 4, 2, 2, 2, 2, 0, 2, 0], [0, 1, 1, 1, 0, 4, 0, 2, 2, 2, 0], [0, 0, 0, 1, 0, 2, 0, 2, 0, 0, 0], [0, 1, 1, 1, 2, 2, 2, 2, 2, 2, 0], [0, 1, 0, 2, 0, 0, 0, 2, 0, 2, 0], [0, 1, 0, 2, 0, 1, 0, 2, 0, 2, 0], [0, 1, 0, 2, 0, 1, 1, 2, 0, 2, 0], [0, 2, 0, 2, 0, 1, 1, 2, 0, 2, 0], [0, 2, 0, 2, 0, 1, 0, 2, 0, 2, 0], [0, 2, 0, 2, 0, 0, 0, 2, 0, 2, 0], [0, 2, 2, 2, 2, 2, 2, 2, 2, 2, 0], [0, 0, 0, 2, 0, 2, 0, 2, 0, 0, 0], [0, 2, 2, 2, 0, 2, 0, 2, 2, 2, 0], [0, 2, 0, 2, 2, 2, 2, 2, 0, 2, 0], [0, 2, 0, 0, 0, 2, 0, 0, 0, 2, 0], [0, 3, 2, 2, 2, 2, 2, 2, 2, 2, 0], [0, 0, 0, 0, 0, 0, 0, 0, 0, 0, 0]]"
2025-05-31T11:25:13.750595,0,North,152.0,False,False,False,"[[0, 0, 0, 0, 0, 0, 0, 0, 0, 0, 0], [0, 1, 1, 1, 1, 5, 2, 2, 2, 3, 0], [0, 1, 0, 0, 0, 2, 0, 0, 0, 2, 0], [0, 1, 0, 1, 2, 4, 2, 2, 0, 2, 0], [0, 1, 1, 4, 0, 2, 0, 2, 2, 2, 0], [0, 0, 0, 1, 0, 2, 0, 2, 0, 0, 0], [0, 1, 1, 1, 2, 2, 2, 2, 2, 2, 0], [0, 1, 0, 2, 0, 0, 0, 2, 0, 2, 0], [0, 1, 0, 2, 0, 1, 0, 2, 0, 2, 0], [0, 1, 0, 2, 0, 1, 1, 2, 0, 2, 0], [0, 2, 0, 2, 0, 1, 1, 2, 0, 2, 0], [0, 2, 0, 2, 0, 1, 0, 2, 0, 2, 0], [0, 2, 0, 2, 0, 0, 0, 2, 0, 2, 0], [0, 2, 2, 2, 2, 2, 2, 2, 2, 2, 0], [0, 0, 0, 2, 0, 2, 0, 2, 0, 0, 0], [0, 2, 2, 2, 0, 2, 0, 2, 2, 2, 0], [0, 2, 0, 2, 2, 2, 2, 2, 0, 2, 0], [0, 2, 0, 0, 0, 2, 0, 0, 0, 2, 0], [0, 3, 2, 2, 2, 2, 2, 2, 2, 2, 0], [0, 0, 0, 0, 0, 0, 0, 0, 0, 0, 0]]"
2025-05-31T11:25:13.915455,0,North,161.0,False,False,False,"[[0, 0, 0, 0, 0, 0, 0, 0, 0, 0, 0], [0, 1, 1, 1, 1, 1, 5, 2, 2, 3, 0], [0, 1, 0, 0, 0, 2, 0, 0, 0, 2, 0], [0, 1, 0, 1, 2, 2, 4, 2, 0, 2, 0], [0, 1, 1, 1, 0, 2, 0, 2, 2, 2, 0], [0, 0, 0, 4, 0, 2, 0, 2, 0, 0, 0], [0, 1, 1, 1, 2, 2, 2, 2, 2, 2, 0], [0, 1, 0, 2, 0, 0, 0, 2, 0, 2, 0], [0, 1, 0, 2, 0, 1, 0, 2, 0, 2, 0], [0, 1, 0, 2, 0, 1, 1, 2, 0, 2, 0], [0, 2, 0, 2, 0, 1, 1, 2, 0, 2, 0], [0, 2, 0, 2, 0, 1, 0, 2, 0, 2, 0], [0, 2, 0, 2, 0, 0, 0, 2, 0, 2, 0], [0, 2, 2, 2, 2, 2, 2, 2, 2, 2, 0], [0, 0, 0, 2, 0, 2, 0, 2, 0, 0, 0], [0, 2, 2, 2, 0, 2, 0, 2, 2, 2, 0], [0, 2, 0, 2, 2, 2, 2, 2, 0, 2, 0], [0, 2, 0, 0, 0, 2, 0, 0, 0, 2, 0], [0, 3, 2, 2, 2, 2, 2, 2, 2, 2, 0], [0, 0, 0, 0, 0, 0, 0, 0, 0, 0, 0]]"
2025-05-31T11:25:14.092761,0,North,170.0,False,False,False,"[[0, 0, 0, 0, 0, 0, 0, 0, 0, 0, 0], [0, 1, 1, 1, 1, 1, 1, 5, 2, 3, 0], [0, 1, 0, 0, 0, 2, 0, 0, 0, 2, 0], [0, 1, 0, 1, 2, 2, 2, 4, 0, 2, 0], [0, 1, 1, 1, 0, 2, 0, 2, 2, 2, 0], [0, 0, 0, 1, 0, 2, 0, 2, 0, 0, 0], [0, 1, 1, 4, 2, 2, 2, 2, 2, 2, 0], [0, 1, 0, 2, 0, 0, 0, 2, 0, 2, 0], [0, 1, 0, 2, 0, 1, 0, 2, 0, 2, 0], [0, 1, 0, 2, 0, 1, 1, 2, 0, 2, 0], [0, 2, 0, 2, 0, 1, 1, 2, 0, 2, 0], [0, 2, 0, 2, 0, 1, 0, 2, 0, 2, 0], [0, 2, 0, 2, 0, 0, 0, 2, 0, 2, 0], [0, 2, 2, 2, 2, 2, 2, 2, 2, 2, 0], [0, 0, 0, 2, 0, 2, 0, 2, 0, 0, 0], [0, 2, 2, 2, 0, 2, 0, 2, 2, 2, 0], [0, 2, 0, 2, 2, 2, 2, 2, 0, 2, 0], [0, 2, 0, 0, 0, 2, 0, 0, 0, 2, 0], [0, 3, 2, 2, 2, 2, 2, 2, 2, 2, 0], [0, 0, 0, 0, 0, 0, 0, 0, 0, 0, 0]]"
2025-05-31T11:25:14.244792,0,North,179.0,False,False,False,"[[0, 0, 0, 0, 0, 0, 0, 0, 0, 0, 0], [0, 1, 1, 1, 1, 1, 1, 1, 5, 3, 0], [0, 1, 0, 0, 0, 2, 0, 0, 0, 2, 0], [0, 1, 0, 1, 2, 2, 2, 2, 0, 2, 0], [0, 1, 1, 1, 0, 2, 0, 4, 2, 2, 0], [0, 0, 0, 1, 0, 2, 0, 2, 0, 0, 0], [0, 1, 1, 1, 4, 2, 2, 2, 2, 2, 0], [0, 1, 0, 2, 0, 0, 0, 2, 0, 2, 0], [0, 1, 0, 2, 0, 1, 0, 2, 0, 2, 0], [0, 1, 0, 2, 0, 1, 1, 2, 0, 2, 0], [0, 2, 0, 2, 0, 1, 1, 2, 0, 2, 0], [0, 2, 0, 2, 0, 1, 0, 2, 0, 2, 0], [0, 2, 0, 2, 0, 0, 0, 2, 0, 2, 0], [0, 2, 2, 2, 2, 2, 2, 2, 2, 2, 0], [0, 0, 0, 2, 0, 2, 0, 2, 0, 0, 0], [0, 2, 2, 2, 0, 2, 0, 2, 2, 2, 0], [0, 2, 0, 2, 2, 2, 2, 2, 0, 2, 0], [0, 2, 0, 0, 0, 2, 0, 0, 0, 2, 0], [0, 3, 2, 2, 2, 2, 2, 2, 2, 2, 0], [0, 0, 0, 0, 0, 0, 0, 0, 0, 0, 0]]"
2025-05-31T11:25:14.395421,0,East,178.0,False,False,False,"[[0, 0, 0, 0, 0, 0, 0, 0, 0, 0, 0], [0, 1, 1, 1, 1, 1, 1, 1, 1, 5, 0], [0, 1, 0, 0, 0, 2, 0, 0, 0, 2, 0], [0, 1, 0, 1, 2, 2, 2, 2, 0, 2, 0], [0, 1, 1, 1, 0, 2, 0, 4, 2, 2, 0], [0, 0, 0, 1, 0, 2, 0, 2, 0, 0, 0], [0, 1, 1, 1, 4, 2, 2, 2, 2, 2, 0], [0, 1, 0, 2, 0, 0, 0, 2, 0, 2, 0], [0, 1, 0, 2, 0, 1, 0, 2, 0, 2, 0], [0, 1, 0, 2, 0, 1, 1, 2, 0, 2, 0], [0, 2, 0, 2, 0, 1, 1, 2, 0, 2, 0], [0, 2, 0, 2, 0, 1, 0, 2, 0, 2, 0], [0, 2, 0, 2, 0, 0, 0, 2, 0, 2, 0], [0, 2, 2, 2, 2, 2, 2, 2, 2, 2, 0], [0, 0, 0, 2, 0, 2, 0, 2, 0, 0, 0], [0, 2, 2, 2, 0, 2, 0, 2, 2, 2, 0], [0, 2, 0, 2, 2, 2, 2, 2, 0, 2, 0], [0, 2, 0, 0, 0, 2, 0, 0, 0, 2, 0], [0, 3, 2, 2, 2, 2, 2, 2, 2, 2, 0], [0, 0, 0, 0, 0, 0, 0, 0, 0, 0, 0]]"
2025-05-31T11:25:14.568324,0,East,187.0,False,False,False,"[[0, 0, 0, 0, 0, 0, 0, 0, 0, 0, 0], [0, 1, 1, 1, 1, 1, 1, 1, 1, 1, 0], [0, 1, 0, 0, 0, 2, 0, 0, 0, 5, 0], [0, 1, 0, 1, 2, 2, 2, 2, 0, 2, 0], [0, 1, 1, 1, 0, 2, 0, 2, 2, 2, 0], [0, 0, 0, 1, 0, 2, 0, 4, 0, 0, 0], [0, 1, 1, 1, 2, 4, 2, 2, 2, 2, 0], [0, 1, 0, 2, 0, 0, 0, 2, 0, 2, 0], [0, 1, 0, 2, 0, 1, 0, 2, 0, 2, 0], [0, 1, 0, 2, 0, 1, 1, 2, 0, 2, 0], [0, 2, 0, 2, 0, 1, 1, 2, 0, 2, 0], [0, 2, 0, 2, 0, 1, 0, 2, 0, 2, 0], [0, 2, 0, 2, 0, 0, 0, 2, 0, 2, 0], [0, 2, 2, 2, 2, 2, 2, 2, 2, 2, 0], [0, 0, 0, 2, 0, 2, 0, 2, 0, 0, 0], [0, 2, 2, 2, 0, 2, 0, 2, 2, 2, 0], [0, 2, 0, 2, 2, 2, 2, 2, 0, 2, 0], [0, 2, 0, 0, 0, 2, 0, 0, 0, 2, 0], [0, 3, 2, 2, 2, 2, 2, 2, 2, 2, 0], [0, 0, 0, 0, 0, 0, 0, 0, 0, 0, 0]]"
2025-05-31T11:25:14.730245,0,East,196.0,False,False,False,"[[0, 0, 0, 0, 0, 0, 0, 0, 0, 0, 0], [0, 1, 1, 1, 1, 1, 1, 1, 1, 1, 0], [0, 1, 0, 0, 0, 2, 0, 0, 0, 1, 0], [0, 1, 0, 1, 2, 2, 2, 2, 0, 5, 0], [0, 1, 1, 1, 0, 2, 0, 2, 2, 2, 0], [0, 0, 0, 1, 0, 4, 0, 4, 0, 0, 0], [0, 1, 1, 1, 2, 2, 2, 2, 2, 2, 0], [0, 1, 0, 2, 0, 0, 0, 2, 0, 2, 0], [0, 1, 0, 2, 0, 1, 0, 2, 0, 2, 0], [0, 1, 0, 2, 0, 1, 1, 2, 0, 2, 0], [0, 2, 0, 2, 0, 1, 1, 2, 0, 2, 0], [0, 2, 0, 2, 0, 1, 0, 2, 0, 2, 0], [0, 2, 0, 2, 0, 0, 0, 2, 0, 2, 0], [0, 2, 2, 2, 2, 2, 2, 2, 2, 2, 0], [0, 0, 0, 2, 0, 2, 0, 2, 0, 0, 0], [0, 2, 2, 2, 0, 2, 0, 2, 2, 2, 0], [0, 2, 0, 2, 2, 2, 2, 2, 0, 2, 0], [0, 2, 0, 0, 0, 2, 0, 0, 0, 2, 0], [0, 3, 2, 2, 2, 2, 2, 2, 2, 2, 0], [0, 0, 0, 0, 0, 0, 0, 0, 0, 0, 0]]"
2025-05-31T11:25:14.886452,0,South,205.0,False,False,False,"[[0, 0, 0, 0, 0, 0, 0, 0, 0, 0, 0], [0, 1, 1, 1, 1, 1, 1, 1, 1, 1, 0], [0, 1, 0, 0, 0, 2, 0, 0, 0, 1, 0], [0, 1, 0, 1, 2, 2, 2, 2, 0, 1, 0], [0, 1, 1, 1, 0, 2, 0, 2, 2, 5, 0], [0, 0, 0, 1, 0, 4, 0, 2, 0, 0, 0], [0, 1, 1, 1, 2, 2, 2, 4, 2, 2, 0], [0, 1, 0, 2, 0, 0, 0, 2, 0, 2, 0], [0, 1, 0, 2, 0, 1, 0, 2, 0, 2, 0], [0, 1, 0, 2, 0, 1, 1, 2, 0, 2, 0], [0, 2, 0, 2, 0, 1, 1, 2, 0, 2, 0], [0, 2, 0, 2, 0, 1, 0, 2, 0, 2, 0], [0, 2, 0, 2, 0, 0, 0, 2, 0, 2, 0], [0, 2, 2, 2, 2, 2, 2, 2, 2, 2, 0], [0, 0, 0, 2, 0, 2, 0, 2, 0, 0, 0], [0, 2, 2, 2, 0, 2, 0, 2, 2, 2, 0], [0, 2, 0, 2, 2, 2, 2, 2, 0, 2, 0], [0, 2, 0, 0, 0, 2, 0, 0, 0, 2, 0], [0, 3, 2, 2, 2, 2, 2, 2, 2, 2, 0], [0, 0, 0, 0, 0, 0, 0, 0, 0, 0, 0]]"
2025-05-31T11:25:15.027532,0,South,214.0,False,False,False,"[[0, 0, 0, 0, 0, 0, 0, 0, 0, 0, 0], [0, 1, 1, 1, 1, 1, 1, 1, 1, 1, 0], [0, 1, 0, 0, 0, 2, 0, 0, 0, 1, 0], [0, 1, 0, 1, 2, 2, 2, 2, 0, 1, 0], [0, 1, 1, 1, 0, 4, 0, 2, 5, 1, 0], [0, 0, 0, 1, 0, 2, 0, 2, 0, 0, 0], [0, 1, 1, 1, 2, 2, 2, 4, 2, 2, 0], [0, 1, 0, 2, 0, 0, 0, 2, 0, 2, 0], [0, 1, 0, 2, 0, 1, 0, 2, 0, 2, 0], [0, 1, 0, 2, 0, 1, 1, 2, 0, 2, 0], [0, 2, 0, 2, 0, 1, 1, 2, 0, 2, 0], [0, 2, 0, 2, 0, 1, 0, 2, 0, 2, 0], [0, 2, 0, 2, 0, 0, 0, 2, 0, 2, 0], [0, 2, 2, 2, 2, 2, 2, 2, 2, 2, 0], [0, 0, 0, 2, 0, 2, 0, 2, 0, 0, 0], [0, 2, 2, 2, 0, 2, 0, 2, 2, 2, 0], [0, 2, 0, 2, 2, 2, 2, 2, 0, 2, 0], [0, 2, 0, 0, 0, 2, 0, 0, 0, 2, 0], [0, 3, 2, 2, 2, 2, 2, 2, 2, 2, 0], [0, 0, 0, 0, 0, 0, 0, 0, 0, 0, 0]]"
2025-05-31T11:25:15.176308,0,West,223.0,False,False,False,"[[0, 0, 0, 0, 0, 0, 0, 0, 0, 0, 0], [0, 1, 1, 1, 1, 1, 1, 1, 1, 1, 0], [0, 1, 0, 0, 0, 2, 0, 0, 0, 1, 0], [0, 1, 0, 1, 2, 2, 2, 2, 0, 1, 0], [0, 1, 1, 1, 0, 4, 0, 5, 1, 1, 0], [0, 0, 0, 1, 0, 2, 0, 2, 0, 0, 0], [0, 1, 1, 1, 2, 2, 2, 2, 2, 2, 0], [0, 1, 0, 2, 0, 0, 0, 4, 0, 2, 0], [0, 1, 0, 2, 0, 1, 0, 2, 0, 2, 0], [0, 1, 0, 2, 0, 1, 1, 2, 0, 2, 0], [0, 2, 0, 2, 0, 1, 1, 2, 0, 2, 0], [0, 2, 0, 2, 0, 1, 0, 2, 0, 2, 0], [0, 2, 0, 2, 0, 0, 0, 2, 0, 2, 0], [0, 2, 2, 2, 2, 2, 2, 2, 2, 2, 0], [0, 0, 0, 2, 0, 2, 0, 2, 0, 0, 0], [0, 2, 2, 2, 0, 2, 0, 2, 2, 2, 0], [0, 2, 0, 2, 2, 2, 2, 2, 0, 2, 0], [0, 2, 0, 0, 0, 2, 0, 0, 0, 2, 0], [0, 3, 2, 2, 2, 2, 2, 2, 2, 2, 0], [0, 0, 0, 0, 0, 0, 0, 0, 0, 0, 0]]"
2025-05-31T11:25:15.328167,0,South,232.0,False,False,False,"[[0, 0, 0, 0, 0, 0, 0, 0, 0, 0, 0], [0, 1, 1, 1, 1, 1, 1, 1, 1, 1, 0], [0, 1, 0, 0, 0, 2, 0, 0, 0, 1, 0], [0, 1, 0, 1, 2, 4, 2, 5, 0, 1, 0], [0, 1, 1, 1, 0, 2, 0, 1, 1, 1, 0], [0, 0, 0, 1, 0, 2, 0, 2, 0, 0, 0], [0, 1, 1, 1, 2, 2, 2, 2, 2, 2, 0], [0, 1, 0, 2, 0, 0, 0, 4, 0, 2, 0], [0, 1, 0, 2, 0, 1, 0, 2, 0, 2, 0], [0, 1, 0, 2, 0, 1, 1, 2, 0, 2, 0], [0, 2, 0, 2, 0, 1, 1, 2, 0, 2, 0], [0, 2, 0, 2, 0, 1, 0, 2, 0, 2, 0], [0, 2, 0, 2, 0, 0, 0, 2, 0, 2, 0], [0, 2, 2, 2, 2, 2, 2, 2, 2, 2, 0], [0, 0, 0, 2, 0, 2, 0, 2, 0, 0, 0], [0, 2, 2, 2, 0, 2, 0, 2, 2, 2, 0], [0, 2, 0, 2, 2, 2, 2, 2, 0, 2, 0], [0, 2, 0, 0, 0, 2, 0, 0, 0, 2, 0], [0, 3, 2, 2, 2, 2, 2, 2, 2, 2, 0], [0, 0, 0, 0, 0, 0, 0, 0, 0, 0, 0]]"
2025-05-31T11:25:15.508661,0,South,241.0,False,False,False,"[[0, 0, 0, 0, 0, 0, 0, 0, 0, 0, 0], [0, 1, 1, 1, 1, 1, 1, 1, 1, 1, 0], [0, 1, 0, 0, 0, 2, 0, 0, 0, 1, 0], [0, 1, 0, 1, 2, 4, 5, 1, 0, 1, 0], [0, 1, 1, 1, 0, 2, 0, 1, 1, 1, 0], [0, 0, 0, 1, 0, 2, 0, 2, 0, 0, 0], [0, 1, 1, 1, 2, 2, 2, 2, 2, 2, 0], [0, 1, 0, 2, 0, 0, 0, 2, 0, 2, 0], [0, 1, 0, 2, 0, 1, 0, 4, 0, 2, 0], [0, 1, 0, 2, 0, 1, 1, 2, 0, 2, 0], [0, 2, 0, 2, 0, 1, 1, 2, 0, 2, 0], [0, 2, 0, 2, 0, 1, 0, 2, 0, 2, 0], [0, 2, 0, 2, 0, 0, 0, 2, 0, 2, 0], [0, 2, 2, 2, 2, 2, 2, 2, 2, 2, 0], [0, 0, 0, 2, 0, 2, 0, 2, 0, 0, 0], [0, 2, 2, 2, 0, 2, 0, 2, 2, 2, 0], [0, 2, 0, 2, 2, 2, 2, 2, 0, 2, 0], [0, 2, 0, 0, 0, 2, 0, 0, 0, 2, 0], [0, 3, 2, 2, 2, 2, 2, 2, 2, 2, 0], [0, 0, 0, 0, 0, 0, 0, 0, 0, 0, 0]]"
2025-05-31T11:25:15.802193,0,East,450.0,False,False,False,"[[0, 0, 0, 0, 0, 0, 0, 0, 0, 0, 0], [0, 1, 1, 1, 1, 1, 1, 1, 1, 1, 0], [0, 1, 0, 0, 0, 2, 0, 0, 0, 1, 0], [0, 1, 0, 1, 2, 5, 1, 1, 0, 1, 0], [0, 1, 1, 1, 0, 2, 0, 1, 1, 1, 0], [0, 0, 0, 1, 0, 2, 0, 2, 0, 0, 0], [0, 1, 1, 1, 2, 2, 2, 2, 2, 2, 0], [0, 1, 0, 2, 0, 0, 0, 2, 0, 2, 0], [0, 1, 0, 2, 0, 1, 0, 4, 0, 2, 0], [0, 1, 0, 2, 0, 4, 1, 2, 0, 2, 0], [0, 2, 0, 2, 0, 1, 1, 2, 0, 2, 0], [0, 2, 0, 2, 0, 1, 0, 2, 0, 2, 0], [0, 2, 0, 2, 0, 0, 0, 2, 0, 2, 0], [0, 2, 2, 2, 2, 2, 2, 2, 2, 2, 0], [0, 0, 0, 2, 0, 2, 0, 2, 0, 0, 0], [0, 2, 2, 2, 0, 2, 0, 2, 2, 2, 0], [0, 2, 0, 2, 2, 2, 2, 2, 0, 2, 0], [0, 2, 0, 0, 0, 2, 0, 0, 0, 2, 0], [0, 3, 2, 2, 2, 2, 2, 2, 2, 2, 0], [0, 0, 0, 0, 0, 0, 0, 0, 0, 0, 0]]"
2025-05-31T11:25:16.141588,0,East,459.0,False,False,False,"[[0, 0, 0, 0, 0, 0, 0, 0, 0, 0, 0], [0, 1, 1, 1, 1, 1, 1, 1, 1, 1, 0], [0, 1, 0, 0, 0, 2, 0, 0, 0, 1, 0], [0, 1, 0, 1, 2, 1, 1, 1, 0, 1, 0], [0, 1, 1, 1, 0, 5, 0, 1, 1, 1, 0], [0, 0, 0, 1, 0, 2, 0, 2, 0, 0, 0], [0, 1, 1, 1, 2, 2, 2, 2, 2, 2, 0], [0, 1, 0, 2, 0, 0, 0, 2, 0, 2, 0], [0, 1, 0, 2, 0, 1, 0, 2, 0, 2, 0], [0, 1, 0, 2, 0, 1, 1, 4, 0, 2, 0], [0, 2, 0, 2, 0, 4, 1, 2, 0, 2, 0], [0, 2, 0, 2, 0, 1, 0, 2, 0, 2, 0], [0, 2, 0, 2, 0, 0, 0, 2, 0, 2, 0], [0, 2, 2, 2, 2, 2, 2, 2, 2, 2, 0], [0, 0, 0, 2, 0, 2, 0, 2, 0, 0, 0], [0, 2, 2, 2, 0, 2, 0, 2, 2, 2, 0], [0, 2, 0, 2, 2, 2, 2, 2, 0, 2, 0], [0, 2, 0, 0, 0, 2, 0, 0, 0, 2, 0], [0, 3, 2, 2, 2, 2, 2, 2, 2, 2, 0], [0, 0, 0, 0, 0, 0, 0, 0, 0, 0, 0]]"
2025-05-31T11:25:16.466969,0,East,468.0,False,False,False,"[[0, 0, 0, 0, 0, 0, 0, 0, 0, 0, 0], [0, 1, 1, 1, 1, 1, 1, 1, 1, 1, 0], [0, 1, 0, 0, 0, 2, 0, 0, 0, 1, 0], [0, 1, 0, 1, 2, 1, 1, 1, 0, 1, 0], [0, 1, 1, 1, 0, 1, 0, 1, 1, 1, 0], [0, 0, 0, 1, 0, 5, 0, 2, 0, 0, 0], [0, 1, 1, 1, 2, 2, 2, 2, 2, 2, 0], [0, 1, 0, 2, 0, 0, 0, 2, 0, 2, 0], [0, 1, 0, 2, 0, 1, 0, 2, 0, 2, 0], [0, 1, 0, 2, 0, 1, 4, 2, 0, 2, 0], [0, 2, 0, 2, 0, 1, 4, 2, 0, 2, 0], [0, 2, 0, 2, 0, 1, 0, 2, 0, 2, 0], [0, 2, 0, 2, 0, 0, 0, 2, 0, 2, 0], [0, 2, 2, 2, 2, 2, 2, 2, 2, 2, 0], [0, 0, 0, 2, 0, 2, 0, 2, 0, 0, 0], [0, 2, 2, 2, 0, 2, 0, 2, 2, 2, 0], [0, 2, 0, 2, 2, 2, 2, 2, 0, 2, 0], [0, 2, 0, 0, 0, 2, 0, 0, 0, 2, 0], [0, 3, 2, 2, 2, 2, 2, 2, 2, 2, 0], [0, 0, 0, 0, 0, 0, 0, 0, 0, 0, 0]]"
2025-05-31T11:25:16.952665,0,North,477.0,False,False,False,"[[0, 0, 0, 0, 0, 0, 0, 0, 0, 0, 0], [0, 1, 1, 1, 1, 1, 1, 1, 1, 1, 0], [0, 1, 0, 0, 0, 2, 0, 0, 0, 1, 0], [0, 1, 0, 1, 2, 1, 1, 1, 0, 1, 0], [0, 1, 1, 1, 0, 1, 0, 1, 1, 1, 0], [0, 0, 0, 1, 0, 1, 0, 2, 0, 0, 0], [0, 1, 1, 1, 2, 5, 2, 2, 2, 2, 0], [0, 1, 0, 2, 0, 0, 0, 2, 0, 2, 0], [0, 1, 0, 2, 0, 1, 0, 2, 0, 2, 0], [0, 1, 0, 2, 0, 1, 4, 2, 0, 2, 0], [0, 2, 0, 2, 0, 1, 1, 2, 0, 2, 0], [0, 2, 0, 2, 0, 1, 0, 2, 0, 2, 0], [0, 2, 0, 2, 0, 0, 0, 2, 0, 2, 0], [0, 2, 2, 2, 2, 2, 2, 2, 2, 2, 0], [0, 0, 0, 2, 0, 2, 0, 2, 0, 0, 0], [0, 2, 2, 2, 0, 2, 0, 2, 2, 2, 0], [0, 2, 0, 2, 2, 2, 2, 2, 0, 2, 0], [0, 2, 0, 0, 0, 2, 0, 0, 0, 2, 0], [0, 3, 2, 2, 2, 2, 2, 2, 2, 2, 0], [0, 0, 0, 0, 0, 0, 0, 0, 0, 0, 0]]"
2025-05-31T11:25:17.191663,0,North,486.0,False,False,False,"[[0, 0, 0, 0, 0, 0, 0, 0, 0, 0, 0], [0, 1, 1, 1, 1, 1, 1, 1, 1, 1, 0], [0, 1, 0, 0, 0, 2, 0, 0, 0, 1, 0], [0, 1, 0, 1, 2, 1, 1, 1, 0, 1, 0], [0, 1, 1, 1, 0, 1, 0, 1, 1, 1, 0], [0, 0, 0, 1, 0, 1, 0, 2, 0, 0, 0], [0, 1, 1, 1, 2, 1, 5, 2, 2, 2, 0], [0, 1, 0, 2, 0, 0, 0, 2, 0, 2, 0], [0, 1, 0, 2, 0, 1, 0, 2, 0, 2, 0], [0, 1, 0, 2, 0, 4, 1, 2, 0, 2, 0], [0, 2, 0, 2, 0, 1, 1, 2, 0, 2, 0], [0, 2, 0, 2, 0, 1, 0, 2, 0, 2, 0], [0, 2, 0, 2, 0, 0, 0, 2, 0, 2, 0], [0, 2, 2, 2, 2, 2, 2, 2, 2, 2, 0], [0, 0, 0, 2, 0, 2, 0, 2, 0, 0, 0], [0, 2, 2, 2, 0, 2, 0, 2, 2, 2, 0], [0, 2, 0, 2, 2, 2, 2, 2, 0, 2, 0], [0, 2, 0, 0, 0, 2, 0, 0, 0, 2, 0], [0, 3, 2, 2, 2, 2, 2, 2, 2, 2, 0], [0, 0, 0, 0, 0, 0, 0, 0, 0, 0, 0]]"
2025-05-31T11:25:17.476493,0,North,495.0,False,False,False,"[[0, 0, 0, 0, 0, 0, 0, 0, 0, 0, 0], [0, 1, 1, 1, 1, 1, 1, 1, 1, 1, 0], [0, 1, 0, 0, 0, 2, 0, 0, 0, 1, 0], [0, 1, 0, 1, 2, 1, 1, 1, 0, 1, 0], [0, 1, 1, 1, 0, 1, 0, 1, 1, 1, 0], [0, 0, 0, 1, 0, 1, 0, 2, 0, 0, 0], [0, 1, 1, 1, 2, 1, 1, 5, 2, 2, 0], [0, 1, 0, 2, 0, 0, 0, 2, 0, 2, 0], [0, 1, 0, 2, 0, 4, 0, 2, 0, 2, 0], [0, 1, 0, 2, 0, 4, 1, 2, 0, 2, 0], [0, 2, 0, 2, 0, 1, 1, 2, 0, 2, 0], [0, 2, 0, 2, 0, 1, 0, 2, 0, 2, 0], [0, 2, 0, 2, 0, 0, 0, 2, 0, 2, 0], [0, 2, 2, 2, 2, 2, 2, 2, 2, 2, 0], [0, 0, 0, 2, 0, 2, 0, 2, 0, 0, 0], [0, 2, 2, 2, 0, 2, 0, 2, 2, 2, 0], [0, 2, 0, 2, 2, 2, 2, 2, 0, 2, 0], [0, 2, 0, 0, 0, 2, 0, 0, 0, 2, 0], [0, 3, 2, 2, 2, 2, 2, 2, 2, 2, 0], [0, 0, 0, 0, 0, 0, 0, 0, 0, 0, 0]]"
2025-05-31T11:25:17.712926,0,North,504.0,False,False,False,"[[0, 0, 0, 0, 0, 0, 0, 0, 0, 0, 0], [0, 1, 1, 1, 1, 1, 1, 1, 1, 1, 0], [0, 1, 0, 0, 0, 2, 0, 0, 0, 1, 0], [0, 1, 0, 1, 2, 1, 1, 1, 0, 1, 0], [0, 1, 1, 1, 0, 1, 0, 1, 1, 1, 0], [0, 0, 0, 1, 0, 1, 0, 2, 0, 0, 0], [0, 1, 1, 1, 2, 1, 1, 1, 5, 2, 0], [0, 1, 0, 2, 0, 0, 0, 2, 0, 2, 0], [0, 1, 0, 2, 0, 1, 0, 2, 0, 2, 0], [0, 1, 0, 2, 0, 4, 1, 2, 0, 2, 0], [0, 2, 0, 2, 0, 1, 1, 2, 0, 2, 0], [0, 2, 0, 2, 0, 1, 0, 2, 0, 2, 0], [0, 2, 0, 2, 0, 0, 0, 2, 0, 2, 0], [0, 2, 2, 2, 2, 2, 2, 2, 2, 2, 0], [0, 0, 0, 2, 0, 2, 0, 2, 0, 0, 0], [0, 2, 2, 2, 0, 2, 0, 2, 2, 2, 0], [0, 2, 0, 2, 2, 2, 2, 2, 0, 2, 0], [0, 2, 0, 0, 0, 2, 0, 0, 0, 2, 0], [0, 3, 2, 2, 2, 2, 2, 2, 2, 2, 0], [0, 0, 0, 0, 0, 0, 0, 0, 0, 0, 0]]"
2025-05-31T11:25:17.933079,0,East,513.0,False,False,False,"[[0, 0, 0, 0, 0, 0, 0, 0, 0, 0, 0], [0, 1, 1, 1, 1, 1, 1, 1, 1, 1, 0], [0, 1, 0, 0, 0, 2, 0, 0, 0, 1, 0], [0, 1, 0, 1, 2, 1, 1, 1, 0, 1, 0], [0, 1, 1, 1, 0, 1, 0, 1, 1, 1, 0], [0, 0, 0, 1, 0, 1, 0, 2, 0, 0, 0], [0, 1, 1, 1, 2, 1, 1, 1, 1, 5, 0], [0, 1, 0, 2, 0, 0, 0, 2, 0, 2, 0], [0, 1, 0, 2, 0, 1, 0, 2, 0, 2, 0], [0, 1, 0, 2, 0, 1, 4, 2, 0, 2, 0], [0, 2, 0, 2, 0, 4, 1, 2, 0, 2, 0], [0, 2, 0, 2, 0, 1, 0, 2, 0, 2, 0], [0, 2, 0, 2, 0, 0, 0, 2, 0, 2, 0], [0, 2, 2, 2, 2, 2, 2, 2, 2, 2, 0], [0, 0, 0, 2, 0, 2, 0, 2, 0, 0, 0], [0, 2, 2, 2, 0, 2, 0, 2, 2, 2, 0], [0, 2, 0, 2, 2, 2, 2, 2, 0, 2, 0], [0, 2, 0, 0, 0, 2, 0, 0, 0, 2, 0], [0, 3, 2, 2, 2, 2, 2, 2, 2, 2, 0], [0, 0, 0, 0, 0, 0, 0, 0, 0, 0, 0]]"
2025-05-31T11:25:18.098541,0,East,522.0,False,False,False,"[[0, 0, 0, 0, 0, 0, 0, 0, 0, 0, 0], [0, 1, 1, 1, 1, 1, 1, 1, 1, 1, 0], [0, 1, 0, 0, 0, 2, 0, 0, 0, 1, 0], [0, 1, 0, 1, 2, 1, 1, 1, 0, 1, 0], [0, 1, 1, 1, 0, 1, 0, 1, 1, 1, 0], [0, 0, 0, 1, 0, 1, 0, 2, 0, 0, 0], [0, 1, 1, 1, 2, 1, 1, 1, 1, 1, 0], [0, 1, 0, 2, 0, 0, 0, 2, 0, 5, 0], [0, 1, 0, 2, 0, 1, 0, 2, 0, 2, 0], [0, 1, 0, 2, 0, 1, 1, 4, 0, 2, 0], [0, 2, 0, 2, 0, 4, 1, 2, 0, 2, 0], [0, 2, 0, 2, 0, 1, 0, 2, 0, 2, 0], [0, 2, 0, 2, 0, 0, 0, 2, 0, 2, 0], [0, 2, 2, 2, 2, 2, 2, 2, 2, 2, 0], [0, 0, 0, 2, 0, 2, 0, 2, 0, 0, 0], [0, 2, 2, 2, 0, 2, 0, 2, 2, 2, 0], [0, 2, 0, 2, 2, 2, 2, 2, 0, 2, 0], [0, 2, 0, 0, 0, 2, 0, 0, 0, 2, 0], [0, 3, 2, 2, 2, 2, 2, 2, 2, 2, 0], [0, 0, 0, 0, 0, 0, 0, 0, 0, 0, 0]]"
2025-05-31T11:25:18.311293,0,East,531.0,False,False,False,"[[0, 0, 0, 0, 0, 0, 0, 0, 0, 0, 0], [0, 1, 1, 1, 1, 1, 1, 1, 1, 1, 0], [0, 1, 0, 0, 0, 2, 0, 0, 0, 1, 0], [0, 1, 0, 1, 2, 1, 1, 1, 0, 1, 0], [0, 1, 1, 1, 0, 1, 0, 1, 1, 1, 0], [0, 0, 0, 1, 0, 1, 0, 2, 0, 0, 0], [0, 1, 1, 1, 2, 1, 1, 1, 1, 1, 0], [0, 1, 0, 2, 0, 0, 0, 2, 0, 1, 0], [0, 1, 0, 2, 0, 1, 0, 4, 0, 5, 0], [0, 1, 0, 2, 0, 1, 1, 2, 0, 2, 0], [0, 2, 0, 2, 0, 1, 4, 2, 0, 2, 0], [0, 2, 0, 2, 0, 1, 0, 2, 0, 2, 0], [0, 2, 0, 2, 0, 0, 0, 2, 0, 2, 0], [0, 2, 2, 2, 2, 2, 2, 2, 2, 2, 0], [0, 0, 0, 2, 0, 2, 0, 2, 0, 0, 0], [0, 2, 2, 2, 0, 2, 0, 2, 2, 2, 0], [0, 2, 0, 2, 2, 2, 2, 2, 0, 2, 0], [0, 2, 0, 0, 0, 2, 0, 0, 0, 2, 0], [0, 3, 2, 2, 2, 2, 2, 2, 2, 2, 0], [0, 0, 0, 0, 0, 0, 0, 0, 0, 0, 0]]"
2025-05-31T11:25:18.495389,0,East,540.0,False,False,False,"[[0, 0, 0, 0, 0, 0, 0, 0, 0, 0, 0], [0, 1, 1, 1, 1, 1, 1, 1, 1, 1, 0], [0, 1, 0, 0, 0, 2, 0, 0, 0, 1, 0], [0, 1, 0, 1, 2, 1, 1, 1, 0, 1, 0], [0, 1, 1, 1, 0, 1, 0, 1, 1, 1, 0], [0, 0, 0, 1, 0, 1, 0, 2, 0, 0, 0], [0, 1, 1, 1, 2, 1, 1, 1, 1, 1, 0], [0, 1, 0, 2, 0, 0, 0, 4, 0, 1, 0], [0, 1, 0, 2, 0, 1, 0, 2, 0, 1, 0], [0, 1, 0, 2, 0, 1, 1, 2, 0, 5, 0], [0, 2, 0, 2, 0, 1, 4, 2, 0, 2, 0], [0, 2, 0, 2, 0, 1, 0, 2, 0, 2, 0], [0, 2, 0, 2, 0, 0, 0, 2, 0, 2, 0], [0, 2, 2, 2, 2, 2, 2, 2, 2, 2, 0], [0, 0, 0, 2, 0, 2, 0, 2, 0, 0, 0], [0, 2, 2, 2, 0, 2, 0, 2, 2, 2, 0], [0, 2, 0, 2, 2, 2, 2, 2, 0, 2, 0], [0, 2, 0, 0, 0, 2, 0, 0, 0, 2, 0], [0, 3, 2, 2, 2, 2, 2, 2, 2, 2, 0], [0, 0, 0, 0, 0, 0, 0, 0, 0, 0, 0]]"
2025-05-31T11:25:18.694491,0,East,549.0,False,False,False,"[[0, 0, 0, 0, 0, 0, 0, 0, 0, 0, 0], [0, 1, 1, 1, 1, 1, 1, 1, 1, 1, 0], [0, 1, 0, 0, 0, 2, 0, 0, 0, 1, 0], [0, 1, 0, 1, 2, 1, 1, 1, 0, 1, 0], [0, 1, 1, 1, 0, 1, 0, 1, 1, 1, 0], [0, 0, 0, 1, 0, 1, 0, 2, 0, 0, 0], [0, 1, 1, 1, 2, 1, 1, 4, 1, 1, 0], [0, 1, 0, 2, 0, 0, 0, 2, 0, 1, 0], [0, 1, 0, 2, 0, 1, 0, 2, 0, 1, 0], [0, 1, 0, 2, 0, 1, 1, 2, 0, 1, 0], [0, 2, 0, 2, 0, 1, 1, 4, 0, 5, 0], [0, 2, 0, 2, 0, 1, 0, 2, 0, 2, 0], [0, 2, 0, 2, 0, 0, 0, 2, 0, 2, 0], [0, 2, 2, 2, 2, 2, 2, 2, 2, 2, 0], [0, 0, 0, 2, 0, 2, 0, 2, 0, 0, 0], [0, 2, 2, 2, 0, 2, 0, 2, 2, 2, 0], [0, 2, 0, 2, 2, 2, 2, 2, 0, 2, 0], [0, 2, 0, 0, 0, 2, 0, 0, 0, 2, 0], [0, 3, 2, 2, 2, 2, 2, 2, 2, 2, 0], [0, 0, 0, 0, 0, 0, 0, 0, 0, 0, 0]]"
2025-05-31T11:25:18.833075,0,East,558.0,False,False,False,"[[0, 0, 0, 0, 0, 0, 0, 0, 0, 0, 0], [0, 1, 1, 1, 1, 1, 1, 1, 1, 1, 0], [0, 1, 0, 0, 0, 2, 0, 0, 0, 1, 0], [0, 1, 0, 1, 2, 1, 1, 1, 0, 1, 0], [0, 1, 1, 1, 0, 1, 0, 1, 1, 1, 0], [0, 0, 0, 1, 0, 1, 0, 2, 0, 0, 0], [0, 1, 1, 1, 2, 1, 1, 1, 4, 1, 0], [0, 1, 0, 2, 0, 0, 0, 2, 0, 1, 0], [0, 1, 0, 2, 0, 1, 0, 2, 0, 1, 0], [0, 1, 0, 2, 0, 1, 1, 4, 0, 1, 0], [0, 2, 0, 2, 0, 1, 1, 2, 0, 1, 0], [0, 2, 0, 2, 0, 1, 0, 2, 0, 5, 0], [0, 2, 0, 2, 0, 0, 0, 2, 0, 2, 0], [0, 2, 2, 2, 2, 2, 2, 2, 2, 2, 0], [0, 0, 0, 2, 0, 2, 0, 2, 0, 0, 0], [0, 2, 2, 2, 0, 2, 0, 2, 2, 2, 0], [0, 2, 0, 2, 2, 2, 2, 2, 0, 2, 0], [0, 2, 0, 0, 0, 2, 0, 0, 0, 2, 0], [0, 3, 2, 2, 2, 2, 2, 2, 2, 2, 0], [0, 0, 0, 0, 0, 0, 0, 0, 0, 0, 0]]"
2025-05-31T11:25:18.986972,0,East,567.0,False,False,False,"[[0, 0, 0, 0, 0, 0, 0, 0, 0, 0, 0], [0, 1, 1, 1, 1, 1, 1, 1, 1, 1, 0], [0, 1, 0, 0, 0, 2, 0, 0, 0, 1, 0], [0, 1, 0, 1, 2, 1, 1, 1, 0, 1, 0], [0, 1, 1, 1, 0, 1, 0, 1, 1, 1, 0], [0, 0, 0, 1, 0, 1, 0, 2, 0, 0, 0], [0, 1, 1, 1, 2, 1, 1, 1, 1, 4, 0], [0, 1, 0, 2, 0, 0, 0, 2, 0, 1, 0], [0, 1, 0, 2, 0, 1, 0, 2, 0, 1, 0], [0, 1, 0, 2, 0, 1, 1, 4, 0, 1, 0], [0, 2, 0, 2, 0, 1, 1, 2, 0, 1, 0], [0, 2, 0, 2, 0, 1, 0, 2, 0, 1, 0], [0, 2, 0, 2, 0, 0, 0, 2, 0, 5, 0], [0, 2, 2, 2, 2, 2, 2, 2, 2, 2, 0], [0, 0, 0, 2, 0, 2, 0, 2, 0, 0, 0], [0, 2, 2, 2, 0, 2, 0, 2, 2, 2, 0], [0, 2, 0, 2, 2, 2, 2, 2, 0, 2, 0], [0, 2, 0, 0, 0, 2, 0, 0, 0, 2, 0], [0, 3, 2, 2, 2, 2, 2, 2, 2, 2, 0], [0, 0, 0, 0, 0, 0, 0, 0, 0, 0, 0]]"
2025-05-31T11:25:19.124045,0,South,576.0,False,False,False,"[[0, 0, 0, 0, 0, 0, 0, 0, 0, 0, 0], [0, 1, 1, 1, 1, 1, 1, 1, 1, 1, 0], [0, 1, 0, 0, 0, 2, 0, 0, 0, 1, 0], [0, 1, 0, 1, 2, 1, 1, 1, 0, 1, 0], [0, 1, 1, 1, 0, 1, 0, 1, 1, 1, 0], [0, 0, 0, 1, 0, 1, 0, 2, 0, 0, 0], [0, 1, 1, 1, 2, 1, 1, 1, 1, 1, 0], [0, 1, 0, 2, 0, 0, 0, 2, 0, 4, 0], [0, 1, 0, 2, 0, 1, 0, 4, 0, 1, 0], [0, 1, 0, 2, 0, 1, 1, 2, 0, 1, 0], [0, 2, 0, 2, 0, 1, 1, 2, 0, 1, 0], [0, 2, 0, 2, 0, 1, 0, 2, 0, 1, 0], [0, 2, 0, 2, 0, 0, 0, 2, 0, 1, 0], [0, 2, 2, 2, 2, 2, 2, 2, 2, 5, 0], [0, 0, 0, 2, 0, 2, 0, 2, 0, 0, 0], [0, 2, 2, 2, 0, 2, 0, 2, 2, 2, 0], [0, 2, 0, 2, 2, 2, 2, 2, 0, 2, 0], [0, 2, 0, 0, 0, 2, 0, 0, 0, 2, 0], [0, 3, 2, 2, 2, 2, 2, 2, 2, 2, 0], [0, 0, 0, 0, 0, 0, 0, 0, 0, 0, 0]]"
2025-05-31T11:25:19.273968,0,South,585.0,False,False,False,"[[0, 0, 0, 0, 0, 0, 0, 0, 0, 0, 0], [0, 1, 1, 1, 1, 1, 1, 1, 1, 1, 0], [0, 1, 0, 0, 0, 2, 0, 0, 0, 1, 0], [0, 1, 0, 1, 2, 1, 1, 1, 0, 1, 0], [0, 1, 1, 1, 0, 1, 0, 1, 1, 1, 0], [0, 0, 0, 1, 0, 1, 0, 2, 0, 0, 0], [0, 1, 1, 1, 2, 1, 1, 1, 1, 1, 0], [0, 1, 0, 2, 0, 0, 0, 2, 0, 1, 0], [0, 1, 0, 2, 0, 1, 0, 4, 0, 4, 0], [0, 1, 0, 2, 0, 1, 1, 2, 0, 1, 0], [0, 2, 0, 2, 0, 1, 1, 2, 0, 1, 0], [0, 2, 0, 2, 0, 1, 0, 2, 0, 1, 0], [0, 2, 0, 2, 0, 0, 0, 2, 0, 1, 0], [0, 2, 2, 2, 2, 2, 2, 2, 5, 1, 0], [0, 0, 0, 2, 0, 2, 0, 2, 0, 0, 0], [0, 2, 2, 2, 0, 2, 0, 2, 2, 2, 0], [0, 2, 0, 2, 2, 2, 2, 2, 0, 2, 0], [0, 2, 0, 0, 0, 2, 0, 0, 0, 2, 0], [0, 3, 2, 2, 2, 2, 2, 2, 2, 2, 0], [0, 0, 0, 0, 0, 0, 0, 0, 0, 0, 0]]"
2025-05-31T11:25:19.442368,0,West,594.0,False,False,False,"[[0, 0, 0, 0, 0, 0, 0, 0, 0, 0, 0], [0, 1, 1, 1, 1, 1, 1, 1, 1, 1, 0], [0, 1, 0, 0, 0, 2, 0, 0, 0, 1, 0], [0, 1, 0, 1, 2, 1, 1, 1, 0, 1, 0], [0, 1, 1, 1, 0, 1, 0, 1, 1, 1, 0], [0, 0, 0, 1, 0, 1, 0, 2, 0, 0, 0], [0, 1, 1, 1, 2, 1, 1, 1, 1, 1, 0], [0, 1, 0, 2, 0, 0, 0, 4, 0, 1, 0], [0, 1, 0, 2, 0, 1, 0, 2, 0, 1, 0], [0, 1, 0, 2, 0, 1, 1, 2, 0, 4, 0], [0, 2, 0, 2, 0, 1, 1, 2, 0, 1, 0], [0, 2, 0, 2, 0, 1, 0, 2, 0, 1, 0], [0, 2, 0, 2, 0, 0, 0, 2, 0, 1, 0], [0, 2, 2, 2, 2, 2, 2, 5, 1, 1, 0], [0, 0, 0, 2, 0, 2, 0, 2, 0, 0, 0], [0, 2, 2, 2, 0, 2, 0, 2, 2, 2, 0], [0, 2, 0, 2, 2, 2, 2, 2, 0, 2, 0], [0, 2, 0, 0, 0, 2, 0, 0, 0, 2, 0], [0, 3, 2, 2, 2, 2, 2, 2, 2, 2, 0], [0, 0, 0, 0, 0, 0, 0, 0, 0, 0, 0]]"
2025-05-31T11:25:19.595763,0,East,603.0,False,False,False,"[[0, 0, 0, 0, 0, 0, 0, 0, 0, 0, 0], [0, 1, 1, 1, 1, 1, 1, 1, 1, 1, 0], [0, 1, 0, 0, 0, 2, 0, 0, 0, 1, 0], [0, 1, 0, 1, 2, 1, 1, 1, 0, 1, 0], [0, 1, 1, 1, 0, 1, 0, 1, 1, 1, 0], [0, 0, 0, 1, 0, 1, 0, 2, 0, 0, 0], [0, 1, 1, 1, 2, 1, 1, 1, 1, 1, 0], [0, 1, 0, 2, 0, 0, 0, 4, 0, 1, 0], [0, 1, 0, 2, 0, 1, 0, 2, 0, 1, 0], [0, 1, 0, 2, 0, 1, 1, 2, 0, 1, 0], [0, 2, 0, 2, 0, 1, 1, 2, 0, 4, 0], [0, 2, 0, 2, 0, 1, 0, 2, 0, 1, 0], [0, 2, 0, 2, 0, 0, 0, 5, 0, 1, 0], [0, 2, 2, 2, 2, 2, 2, 1, 1, 1, 0], [0, 0, 0, 2, 0, 2, 0, 2, 0, 0, 0], [0, 2, 2, 2, 0, 2, 0, 2, 2, 2, 0], [0, 2, 0, 2, 2, 2, 2, 2, 0, 2, 0], [0, 2, 0, 0, 0, 2, 0, 0, 0, 2, 0], [0, 3, 2, 2, 2, 2, 2, 2, 2, 2, 0], [0, 0, 0, 0, 0, 0, 0, 0, 0, 0, 0]]"
2025-05-31T11:25:19.763949,0,South,602.0,False,False,False,"[[0, 0, 0, 0, 0, 0, 0, 0, 0, 0, 0], [0, 1, 1, 1, 1, 1, 1, 1, 1, 1, 0], [0, 1, 0, 0, 0, 2, 0, 0, 0, 1, 0], [0, 1, 0, 1, 2, 1, 1, 1, 0, 1, 0], [0, 1, 1, 1, 0, 1, 0, 1, 1, 1, 0], [0, 0, 0, 1, 0, 1, 0, 2, 0, 0, 0], [0, 1, 1, 1, 2, 1, 1, 4, 1, 1, 0], [0, 1, 0, 2, 0, 0, 0, 2, 0, 1, 0], [0, 1, 0, 2, 0, 1, 0, 2, 0, 1, 0], [0, 1, 0, 2, 0, 1, 1, 2, 0, 1, 0], [0, 2, 0, 2, 0, 1, 1, 2, 0, 1, 0], [0, 2, 0, 2, 0, 1, 0, 2, 0, 4, 0], [0, 2, 0, 2, 0, 0, 0, 1, 0, 1, 0], [0, 2, 2, 2, 2, 2, 2, 5, 1, 1, 0], [0, 0, 0, 2, 0, 2, 0, 2, 0, 0, 0], [0, 2, 2, 2, 0, 2, 0, 2, 2, 2, 0], [0, 2, 0, 2, 2, 2, 2, 2, 0, 2, 0], [0, 2, 0, 0, 0, 2, 0, 0, 0, 2, 0], [0, 3, 2, 2, 2, 2, 2, 2, 2, 2, 0], [0, 0, 0, 0, 0, 0, 0, 0, 0, 0, 0]]"
2025-05-31T11:25:19.949918,0,South,611.0,False,False,False,"[[0, 0, 0, 0, 0, 0, 0, 0, 0, 0, 0], [0, 1, 1, 1, 1, 1, 1, 1, 1, 1, 0], [0, 1, 0, 0, 0, 2, 0, 0, 0, 1, 0], [0, 1, 0, 1, 2, 1, 1, 1, 0, 1, 0], [0, 1, 1, 1, 0, 1, 0, 1, 1, 1, 0], [0, 0, 0, 1, 0, 1, 0, 2, 0, 0, 0], [0, 1, 1, 1, 2, 1, 1, 4, 1, 1, 0], [0, 1, 0, 2, 0, 0, 0, 2, 0, 1, 0], [0, 1, 0, 2, 0, 1, 0, 2, 0, 1, 0], [0, 1, 0, 2, 0, 1, 1, 2, 0, 1, 0], [0, 2, 0, 2, 0, 1, 1, 2, 0, 1, 0], [0, 2, 0, 2, 0, 1, 0, 2, 0, 1, 0], [0, 2, 0, 2, 0, 0, 0, 1, 0, 4, 0], [0, 2, 2, 2, 2, 2, 5, 1, 1, 1, 0], [0, 0, 0, 2, 0, 2, 0, 2, 0, 0, 0], [0, 2, 2, 2, 0, 2, 0, 2, 2, 2, 0], [0, 2, 0, 2, 2, 2, 2, 2, 0, 2, 0], [0, 2, 0, 0, 0, 2, 0, 0, 0, 2, 0], [0, 3, 2, 2, 2, 2, 2, 2, 2, 2, 0], [0, 0, 0, 0, 0, 0, 0, 0, 0, 0, 0]]"
2025-05-31T11:25:20.103344,0,East,620.0,False,False,False,"[[0, 0, 0, 0, 0, 0, 0, 0, 0, 0, 0], [0, 1, 1, 1, 1, 1, 1, 1, 1, 1, 0], [0, 1, 0, 0, 0, 2, 0, 0, 0, 1, 0], [0, 1, 0, 1, 2, 1, 1, 1, 0, 1, 0], [0, 1, 1, 1, 0, 1, 0, 1, 1, 1, 0], [0, 0, 0, 1, 0, 1, 0, 4, 0, 0, 0], [0, 1, 1, 1, 2, 1, 1, 1, 1, 1, 0], [0, 1, 0, 2, 0, 0, 0, 2, 0, 1, 0], [0, 1, 0, 2, 0, 1, 0, 2, 0, 1, 0], [0, 1, 0, 2, 0, 1, 1, 2, 0, 1, 0], [0, 2, 0, 2, 0, 1, 1, 2, 0, 1, 0], [0, 2, 0, 2, 0, 1, 0, 2, 0, 1, 0], [0, 2, 0, 2, 0, 0, 0, 1, 0, 1, 0], [0, 2, 2, 2, 2, 5, 1, 1, 1, 4, 0], [0, 0, 0, 2, 0, 2, 0, 2, 0, 0, 0], [0, 2, 2, 2, 0, 2, 0, 2, 2, 2, 0], [0, 2, 0, 2, 2, 2, 2, 2, 0, 2, 0], [0, 2, 0, 0, 0, 2, 0, 0, 0, 2, 0], [0, 3, 2, 2, 2, 2, 2, 2, 2, 2, 0], [0, 0, 0, 0, 0, 0, 0, 0, 0, 0, 0]]"
2025-05-31T11:25:20.283655,0,East,629.0,False,False,False,"[[0, 0, 0, 0, 0, 0, 0, 0, 0, 0, 0], [0, 1, 1, 1, 1, 1, 1, 1, 1, 1, 0], [0, 1, 0, 0, 0, 2, 0, 0, 0, 1, 0], [0, 1, 0, 1, 2, 1, 1, 1, 0, 1, 0], [0, 1, 1, 1, 0, 1, 0, 1, 1, 1, 0], [0, 0, 0, 1, 0, 1, 0, 4, 0, 0, 0], [0, 1, 1, 1, 2, 1, 1, 1, 1, 1, 0], [0, 1, 0, 2, 0, 0, 0, 2, 0, 1, 0], [0, 1, 0, 2, 0, 1, 0, 2, 0, 1, 0], [0, 1, 0, 2, 0, 1, 1, 2, 0, 1, 0], [0, 2, 0, 2, 0, 1, 1, 2, 0, 1, 0], [0, 2, 0, 2, 0, 1, 0, 2, 0, 1, 0], [0, 2, 0, 2, 0, 0, 0, 1, 0, 1, 0], [0, 2, 2, 2, 2, 1, 1, 1, 4, 1, 0], [0, 0, 0, 2, 0, 5, 0, 2, 0, 0, 0], [0, 2, 2, 2, 0, 2, 0, 2, 2, 2, 0], [0, 2, 0, 2, 2, 2, 2, 2, 0, 2, 0], [0, 2, 0, 0, 0, 2, 0, 0, 0, 2, 0], [0, 3, 2, 2, 2, 2, 2, 2, 2, 2, 0], [0, 0, 0, 0, 0, 0, 0, 0, 0, 0, 0]]"
2025-05-31T11:25:20.531426,0,East,638.0,False,False,False,"[[0, 0, 0, 0, 0, 0, 0, 0, 0, 0, 0], [0, 1, 1, 1, 1, 1, 1, 1, 1, 1, 0], [0, 1, 0, 0, 0, 2, 0, 0, 0, 1, 0], [0, 1, 0, 1, 2, 1, 1, 1, 0, 1, 0], [0, 1, 1, 1, 0, 1, 0, 4, 1, 1, 0], [0, 0, 0, 1, 0, 1, 0, 2, 0, 0, 0], [0, 1, 1, 1, 2, 1, 1, 1, 1, 1, 0], [0, 1, 0, 2, 0, 0, 0, 2, 0, 1, 0], [0, 1, 0, 2, 0, 1, 0, 2, 0, 1, 0], [0, 1, 0, 2, 0, 1, 1, 2, 0, 1, 0], [0, 2, 0, 2, 0, 1, 1, 2, 0, 1, 0], [0, 2, 0, 2, 0, 1, 0, 2, 0, 1, 0], [0, 2, 0, 2, 0, 0, 0, 1, 0, 1, 0], [0, 2, 2, 2, 2, 1, 1, 4, 1, 1, 0], [0, 0, 0, 2, 0, 1, 0, 2, 0, 0, 0], [0, 2, 2, 2, 0, 5, 0, 2, 2, 2, 0], [0, 2, 0, 2, 2, 2, 2, 2, 0, 2, 0], [0, 2, 0, 0, 0, 2, 0, 0, 0, 2, 0], [0, 3, 2, 2, 2, 2, 2, 2, 2, 2, 0], [0, 0, 0, 0, 0, 0, 0, 0, 0, 0, 0]]"
2025-05-31T11:25:20.737245,0,East,647.0,False,False,False,"[[0, 0, 0, 0, 0, 0, 0, 0, 0, 0, 0], [0, 1, 1, 1, 1, 1, 1, 1, 1, 1, 0], [0, 1, 0, 0, 0, 2, 0, 0, 0, 1, 0], [0, 1, 0, 1, 2, 1, 1, 1, 0, 1, 0], [0, 1, 1, 1, 0, 1, 0, 4, 1, 1, 0], [0, 0, 0, 1, 0, 1, 0, 2, 0, 0, 0], [0, 1, 1, 1, 2, 1, 1, 1, 1, 1, 0], [0, 1, 0, 2, 0, 0, 0, 2, 0, 1, 0], [0, 1, 0, 2, 0, 1, 0, 2, 0, 1, 0], [0, 1, 0, 2, 0, 1, 1, 2, 0, 1, 0], [0, 2, 0, 2, 0, 1, 1, 2, 0, 1, 0], [0, 2, 0, 2, 0, 1, 0, 2, 0, 1, 0], [0, 2, 0, 2, 0, 0, 0, 1, 0, 1, 0], [0, 2, 2, 2, 2, 1, 1, 1, 1, 1, 0], [0, 0, 0, 2, 0, 1, 0, 4, 0, 0, 0], [0, 2, 2, 2, 0, 1, 0, 2, 2, 2, 0], [0, 2, 0, 2, 2, 5, 2, 2, 0, 2, 0], [0, 2, 0, 0, 0, 2, 0, 0, 0, 2, 0], [0, 3, 2, 2, 2, 2, 2, 2, 2, 2, 0], [0, 0, 0, 0, 0, 0, 0, 0, 0, 0, 0]]"
2025-05-31T11:25:20.891906,0,East,656.0,False,False,False,"[[0, 0, 0, 0, 0, 0, 0, 0, 0, 0, 0], [0, 1, 1, 1, 1, 1, 1, 1, 1, 1, 0], [0, 1, 0, 0, 0, 2, 0, 0, 0, 1, 0], [0, 1, 0, 1, 2, 1, 1, 1, 0, 1, 0], [0, 1, 1, 1, 0, 1, 0, 4, 1, 1, 0], [0, 0, 0, 1, 0, 1, 0, 2, 0, 0, 0], [0, 1, 1, 1, 2, 1, 1, 1, 1, 1, 0], [0, 1, 0, 2, 0, 0, 0, 2, 0, 1, 0], [0, 1, 0, 2, 0, 1, 0, 2, 0, 1, 0], [0, 1, 0, 2, 0, 1, 1, 2, 0, 1, 0], [0, 2, 0, 2, 0, 1, 1, 2, 0, 1, 0], [0, 2, 0, 2, 0, 1, 0, 2, 0, 1, 0], [0, 2, 0, 2, 0, 0, 0, 1, 0, 1, 0], [0, 2, 2, 2, 2, 1, 1, 1, 1, 1, 0], [0, 0, 0, 2, 0, 1, 0, 2, 0, 0, 0], [0, 2, 2, 2, 0, 1, 0, 4, 2, 2, 0], [0, 2, 0, 2, 2, 1, 2, 2, 0, 2, 0], [0, 2, 0, 0, 0, 5, 0, 0, 0, 2, 0], [0, 3, 2, 2, 2, 2, 2, 2, 2, 2, 0], [0, 0, 0, 0, 0, 0, 0, 0, 0, 0, 0]]"
2025-05-31T11:25:21.049294,0,South,665.0,False,False,False,"[[0, 0, 0, 0, 0, 0, 0, 0, 0, 0, 0], [0, 1, 1, 1, 1, 1, 1, 1, 1, 1, 0], [0, 1, 0, 0, 0, 2, 0, 0, 0, 1, 0], [0, 1, 0, 1, 2, 1, 1, 1, 0, 1, 0], [0, 1, 1, 1, 0, 1, 0, 1, 4, 1, 0], [0, 0, 0, 1, 0, 1, 0, 2, 0, 0, 0], [0, 1, 1, 1, 2, 1, 1, 1, 1, 1, 0], [0, 1, 0, 2, 0, 0, 0, 2, 0, 1, 0], [0, 1, 0, 2, 0, 1, 0, 2, 0, 1, 0], [0, 1, 0, 2, 0, 1, 1, 2, 0, 1, 0], [0, 2, 0, 2, 0, 1, 1, 2, 0, 1, 0], [0, 2, 0, 2, 0, 1, 0, 2, 0, 1, 0], [0, 2, 0, 2, 0, 0, 0, 1, 0, 1, 0], [0, 2, 2, 2, 2, 1, 1, 1, 1, 1, 0], [0, 0, 0, 2, 0, 1, 0, 2, 0, 0, 0], [0, 2, 2, 2, 0, 1, 0, 2, 2, 2, 0], [0, 2, 0, 2, 2, 1, 2, 4, 0, 2, 0], [0, 2, 0, 0, 0, 1, 0, 0, 0, 2, 0], [0, 3, 2, 2, 2, 5, 2, 2, 2, 2, 0], [0, 0, 0, 0, 0, 0, 0, 0, 0, 0, 0]]"
2025-05-31T11:25:21.206536,0,South,674.0,False,False,False,"[[0, 0, 0, 0, 0, 0, 0, 0, 0, 0, 0], [0, 1, 1, 1, 1, 1, 1, 1, 1, 1, 0], [0, 1, 0, 0, 0, 2, 0, 0, 0, 1, 0], [0, 1, 0, 1, 2, 1, 1, 1, 0, 1, 0], [0, 1, 1, 1, 0, 1, 0, 1, 4, 1, 0], [0, 0, 0, 1, 0, 1, 0, 2, 0, 0, 0], [0, 1, 1, 1, 2, 1, 1, 1, 1, 1, 0], [0, 1, 0, 2, 0, 0, 0, 2, 0, 1, 0], [0, 1, 0, 2, 0, 1, 0, 2, 0, 1, 0], [0, 1, 0, 2, 0, 1, 1, 2, 0, 1, 0], [0, 2, 0, 2, 0, 1, 1, 2, 0, 1, 0], [0, 2, 0, 2, 0, 1, 0, 2, 0, 1, 0], [0, 2, 0, 2, 0, 0, 0, 1, 0, 1, 0], [0, 2, 2, 2, 2, 1, 1, 1, 1, 1, 0], [0, 0, 0, 2, 0, 1, 0, 2, 0, 0, 0], [0, 2, 2, 2, 0, 1, 0, 2, 2, 2, 0], [0, 2, 0, 2, 2, 1, 4, 2, 0, 2, 0], [0, 2, 0, 0, 0, 1, 0, 0, 0, 2, 0], [0, 3, 2, 2, 5, 1, 2, 2, 2, 2, 0], [0, 0, 0, 0, 0, 0, 0, 0, 0, 0, 0]]"
2025-05-31T11:25:21.366246,0,South,683.0,False,False,False,"[[0, 0, 0, 0, 0, 0, 0, 0, 0, 0, 0], [0, 1, 1, 1, 1, 1, 1, 1, 1, 1, 0], [0, 1, 0, 0, 0, 2, 0, 0, 0, 1, 0], [0, 1, 0, 1, 2, 1, 1, 1, 0, 1, 0], [0, 1, 1, 1, 0, 1, 0, 1, 1, 4, 0], [0, 0, 0, 1, 0, 1, 0, 2, 0, 0, 0], [0, 1, 1, 1, 2, 1, 1, 1, 1, 1, 0], [0, 1, 0, 2, 0, 0, 0, 2, 0, 1, 0], [0, 1, 0, 2, 0, 1, 0, 2, 0, 1, 0], [0, 1, 0, 2, 0, 1, 1, 2, 0, 1, 0], [0, 2, 0, 2, 0, 1, 1, 2, 0, 1, 0], [0, 2, 0, 2, 0, 1, 0, 2, 0, 1, 0], [0, 2, 0, 2, 0, 0, 0, 1, 0, 1, 0], [0, 2, 2, 2, 2, 1, 1, 1, 1, 1, 0], [0, 0, 0, 2, 0, 1, 0, 2, 0, 0, 0], [0, 2, 2, 2, 0, 1, 0, 2, 2, 2, 0], [0, 2, 0, 2, 2, 4, 2, 2, 0, 2, 0], [0, 2, 0, 0, 0, 1, 0, 0, 0, 2, 0], [0, 3, 2, 5, 1, 1, 2, 2, 2, 2, 0], [0, 0, 0, 0, 0, 0, 0, 0, 0, 0, 0]]"
2025-05-31T11:25:21.501252,0,South,692.0,False,False,False,"[[0, 0, 0, 0, 0, 0, 0, 0, 0, 0, 0], [0, 1, 1, 1, 1, 1, 1, 1, 1, 1, 0], [0, 1, 0, 0, 0, 2, 0, 0, 0, 1, 0], [0, 1, 0, 1, 2, 1, 1, 1, 0, 4, 0], [0, 1, 1, 1, 0, 1, 0, 1, 1, 1, 0], [0, 0, 0, 1, 0, 1, 0, 2, 0, 0, 0], [0, 1, 1, 1, 2, 1, 1, 1, 1, 1, 0], [0, 1, 0, 2, 0, 0, 0, 2, 0, 1, 0], [0, 1, 0, 2, 0, 1, 0, 2, 0, 1, 0], [0, 1, 0, 2, 0, 1, 1, 2, 0, 1, 0], [0, 2, 0, 2, 0, 1, 1, 2, 0, 1, 0], [0, 2, 0, 2, 0, 1, 0, 2, 0, 1, 0], [0, 2, 0, 2, 0, 0, 0, 1, 0, 1, 0], [0, 2, 2, 2, 2, 1, 1, 1, 1, 1, 0], [0, 0, 0, 2, 0, 1, 0, 2, 0, 0, 0], [0, 2, 2, 2, 0, 1, 0, 2, 2, 2, 0], [0, 2, 0, 2, 2, 1, 2, 2, 0, 2, 0], [0, 2, 0, 0, 0, 4, 0, 0, 0, 2, 0], [0, 3, 5, 1, 1, 1, 2, 2, 2, 2, 0], [0, 0, 0, 0, 0, 0, 0, 0, 0, 0, 0]]"
2025-05-31T11:25:21.637187,0,West,691.0,False,False,False,"[[0, 0, 0, 0, 0, 0, 0, 0, 0, 0, 0], [0, 1, 1, 1, 1, 1, 1, 1, 1, 1, 0], [0, 1, 0, 0, 0, 2, 0, 0, 0, 1, 0], [0, 1, 0, 1, 2, 1, 1, 1, 0, 4, 0], [0, 1, 1, 1, 0, 1, 0, 1, 1, 1, 0], [0, 0, 0, 1, 0, 1, 0, 2, 0, 0, 0], [0, 1, 1, 1, 2, 1, 1, 1, 1, 1, 0], [0, 1, 0, 2, 0, 0, 0, 2, 0, 1, 0], [0, 1, 0, 2, 0, 1, 0, 2, 0, 1, 0], [0, 1, 0, 2, 0, 1, 1, 2, 0, 1, 0], [0, 2, 0, 2, 0, 1, 1, 2, 0, 1, 0], [0, 2, 0, 2, 0, 1, 0, 2, 0, 1, 0], [0, 2, 0, 2, 0, 0, 0, 1, 0, 1, 0], [0, 2, 2, 2, 2, 1, 1, 1, 1, 1, 0], [0, 0, 0, 2, 0, 1, 0, 2, 0, 0, 0], [0, 2, 2, 2, 0, 1, 0, 2, 2, 2, 0], [0, 2, 0, 2, 2, 1, 2, 2, 0, 2, 0], [0, 2, 0, 0, 0, 4, 0, 0, 0, 2, 0], [0, 5, 1, 1, 1, 1, 2, 2, 2, 2, 0], [0, 0, 0, 0, 0, 0, 0, 0, 0, 0, 0]]"
2025-05-31T11:25:21.773582,0,West,700.0,False,False,False,"[[0, 0, 0, 0, 0, 0, 0, 0, 0, 0, 0], [0, 1, 1, 1, 1, 1, 1, 1, 1, 1, 0], [0, 1, 0, 0, 0, 2, 0, 0, 0, 4, 0], [0, 1, 0, 1, 2, 1, 1, 1, 0, 1, 0], [0, 1, 1, 1, 0, 1, 0, 1, 1, 1, 0], [0, 0, 0, 1, 0, 1, 0, 2, 0, 0, 0], [0, 1, 1, 1, 2, 1, 1, 1, 1, 1, 0], [0, 1, 0, 2, 0, 0, 0, 2, 0, 1, 0], [0, 1, 0, 2, 0, 1, 0, 2, 0, 1, 0], [0, 1, 0, 2, 0, 1, 1, 2, 0, 1, 0], [0, 2, 0, 2, 0, 1, 1, 2, 0, 1, 0], [0, 2, 0, 2, 0, 1, 0, 2, 0, 1, 0], [0, 2, 0, 2, 0, 0, 0, 1, 0, 1, 0], [0, 2, 2, 2, 2, 1, 1, 1, 1, 1, 0], [0, 0, 0, 2, 0, 1, 0, 2, 0, 0, 0], [0, 2, 2, 2, 0, 1, 0, 2, 2, 2, 0], [0, 2, 0, 2, 2, 1, 2, 2, 0, 2, 0], [0, 5, 0, 0, 0, 1, 0, 0, 0, 2, 0], [0, 1, 1, 1, 1, 4, 2, 2, 2, 2, 0], [0, 0, 0, 0, 0, 0, 0, 0, 0, 0, 0]]"
2025-05-31T11:25:21.909525,0,West,709.0,False,False,False,"[[0, 0, 0, 0, 0, 0, 0, 0, 0, 0, 0], [0, 1, 1, 1, 1, 1, 1, 1, 1, 1, 0], [0, 1, 0, 0, 0, 2, 0, 0, 0, 4, 0], [0, 1, 0, 1, 2, 1, 1, 1, 0, 1, 0], [0, 1, 1, 1, 0, 1, 0, 1, 1, 1, 0], [0, 0, 0, 1, 0, 1, 0, 2, 0, 0, 0], [0, 1, 1, 1, 2, 1, 1, 1, 1, 1, 0], [0, 1, 0, 2, 0, 0, 0, 2, 0, 1, 0], [0, 1, 0, 2, 0, 1, 0, 2, 0, 1, 0], [0, 1, 0, 2, 0, 1, 1, 2, 0, 1, 0], [0, 2, 0, 2, 0, 1, 1, 2, 0, 1, 0], [0, 2, 0, 2, 0, 1, 0, 2, 0, 1, 0], [0, 2, 0, 2, 0, 0, 0, 1, 0, 1, 0], [0, 2, 2, 2, 2, 1, 1, 1, 1, 1, 0], [0, 0, 0, 2, 0, 1, 0, 2, 0, 0, 0], [0, 2, 2, 2, 0, 1, 0, 2, 2, 2, 0], [0, 5, 0, 2, 2, 1, 2, 2, 0, 2, 0], [0, 1, 0, 0, 0, 1, 0, 0, 0, 2, 0], [0, 1, 1, 1, 1, 4, 2, 2, 2, 2, 0], [0, 0, 0, 0, 0, 0, 0, 0, 0, 0, 0]]"
2025-05-31T11:25:22.047998,0,North,718.0,False,False,False,"[[0, 0, 0, 0, 0, 0, 0, 0, 0, 0, 0], [0, 1, 1, 1, 1, 1, 1, 1, 1, 4, 0], [0, 1, 0, 0, 0, 2, 0, 0, 0, 1, 0], [0, 1, 0, 1, 2, 1, 1, 1, 0, 1, 0], [0, 1, 1, 1, 0, 1, 0, 1, 1, 1, 0], [0, 0, 0, 1, 0, 1, 0, 2, 0, 0, 0], [0, 1, 1, 1, 2, 1, 1, 1, 1, 1, 0], [0, 1, 0, 2, 0, 0, 0, 2, 0, 1, 0], [0, 1, 0, 2, 0, 1, 0, 2, 0, 1, 0], [0, 1, 0, 2, 0, 1, 1, 2, 0, 1, 0], [0, 2, 0, 2, 0, 1, 1, 2, 0, 1, 0], [0, 2, 0, 2, 0, 1, 0, 2, 0, 1, 0], [0, 2, 0, 2, 0, 0, 0, 1, 0, 1, 0], [0, 2, 2, 2, 2, 1, 1, 1, 1, 1, 0], [0, 0, 0, 2, 0, 1, 0, 2, 0, 0, 0], [0, 5, 2, 2, 0, 1, 0, 2, 2, 2, 0], [0, 1, 0, 2, 2, 1, 2, 2, 0, 2, 0], [0, 1, 0, 0, 0, 1, 0, 0, 0, 2, 0], [0, 1, 1, 1, 1, 1, 4, 2, 2, 2, 0], [0, 0, 0, 0, 0, 0, 0, 0, 0, 0, 0]]"
2025-05-31T11:25:22.189684,0,North,727.0,False,False,False,"[[0, 0, 0, 0, 0, 0, 0, 0, 0, 0, 0], [0, 1, 1, 1, 1, 1, 1, 1, 1, 4, 0], [0, 1, 0, 0, 0, 2, 0, 0, 0, 1, 0], [0, 1, 0, 1, 2, 1, 1, 1, 0, 1, 0], [0, 1, 1, 1, 0, 1, 0, 1, 1, 1, 0], [0, 0, 0, 1, 0, 1, 0, 2, 0, 0, 0], [0, 1, 1, 1, 2, 1, 1, 1, 1, 1, 0], [0, 1, 0, 2, 0, 0, 0, 2, 0, 1, 0], [0, 1, 0, 2, 0, 1, 0, 2, 0, 1, 0], [0, 1, 0, 2, 0, 1, 1, 2, 0, 1, 0], [0, 2, 0, 2, 0, 1, 1, 2, 0, 1, 0], [0, 2, 0, 2, 0, 1, 0, 2, 0, 1, 0], [0, 2, 0, 2, 0, 0, 0, 1, 0, 1, 0], [0, 2, 2, 2, 2, 1, 1, 1, 1, 1, 0], [0, 0, 0, 2, 0, 1, 0, 2, 0, 0, 0], [0, 1, 5, 2, 0, 1, 0, 2, 2, 2, 0], [0, 1, 0, 2, 2, 1, 2, 2, 0, 2, 0], [0, 1, 0, 0, 0, 1, 0, 0, 0, 2, 0], [0, 1, 1, 1, 1, 1, 4, 2, 2, 2, 0], [0, 0, 0, 0, 0, 0, 0, 0, 0, 0, 0]]"
2025-05-31T11:25:22.339766,0,West,736.0,False,False,False,"[[0, 0, 0, 0, 0, 0, 0, 0, 0, 0, 0], [0, 1, 1, 1, 1, 1, 1, 1, 4, 1, 0], [0, 1, 0, 0, 0, 2, 0, 0, 0, 1, 0], [0, 1, 0, 1, 2, 1, 1, 1, 0, 1, 0], [0, 1, 1, 1, 0, 1, 0, 1, 1, 1, 0], [0, 0, 0, 1, 0, 1, 0, 2, 0, 0, 0], [0, 1, 1, 1, 2, 1, 1, 1, 1, 1, 0], [0, 1, 0, 2, 0, 0, 0, 2, 0, 1, 0], [0, 1, 0, 2, 0, 1, 0, 2, 0, 1, 0], [0, 1, 0, 2, 0, 1, 1, 2, 0, 1, 0], [0, 2, 0, 2, 0, 1, 1, 2, 0, 1, 0], [0, 2, 0, 2, 0, 1, 0, 2, 0, 1, 0], [0, 2, 0, 2, 0, 0, 0, 1, 0, 1, 0], [0, 2, 2, 2, 2, 1, 1, 1, 1, 1, 0], [0, 0, 0, 2, 0, 1, 0, 2, 0, 0, 0], [0, 1, 1, 5, 0, 1, 0, 2, 2, 2, 0], [0, 1, 0, 2, 2, 1, 2, 2, 0, 2, 0], [0, 1, 0, 0, 0, 1, 0, 0, 0, 2, 0], [0, 1, 1, 1, 1, 1, 2, 4, 2, 2, 0], [0, 0, 0, 0, 0, 0, 0, 0, 0, 0, 0]]"
2025-05-31T11:25:22.555870,0,West,745.0,False,False,False,"[[0, 0, 0, 0, 0, 0, 0, 0, 0, 0, 0], [0, 1, 1, 1, 1, 1, 1, 1, 4, 1, 0], [0, 1, 0, 0, 0, 2, 0, 0, 0, 1, 0], [0, 1, 0, 1, 2, 1, 1, 1, 0, 1, 0], [0, 1, 1, 1, 0, 1, 0, 1, 1, 1, 0], [0, 0, 0, 1, 0, 1, 0, 2, 0, 0, 0], [0, 1, 1, 1, 2, 1, 1, 1, 1, 1, 0], [0, 1, 0, 2, 0, 0, 0, 2, 0, 1, 0], [0, 1, 0, 2, 0, 1, 0, 2, 0, 1, 0], [0, 1, 0, 2, 0, 1, 1, 2, 0, 1, 0], [0, 2, 0, 2, 0, 1, 1, 2, 0, 1, 0], [0, 2, 0, 2, 0, 1, 0, 2, 0, 1, 0], [0, 2, 0, 2, 0, 0, 0, 1, 0, 1, 0], [0, 2, 2, 2, 2, 1, 1, 1, 1, 1, 0], [0, 0, 0, 5, 0, 1, 0, 2, 0, 0, 0], [0, 1, 1, 1, 0, 1, 0, 2, 2, 2, 0], [0, 1, 0, 2, 2, 1, 2, 2, 0, 2, 0], [0, 1, 0, 0, 0, 1, 0, 0, 0, 2, 0], [0, 1, 1, 1, 1, 1, 2, 4, 2, 2, 0], [0, 0, 0, 0, 0, 0, 0, 0, 0, 0, 0]]"
2025-05-31T11:25:22.715193,0,South,754.0,False,False,False,"[[0, 0, 0, 0, 0, 0, 0, 0, 0, 0, 0], [0, 1, 1, 1, 1, 1, 1, 4, 1, 1, 0], [0, 1, 0, 0, 0, 2, 0, 0, 0, 1, 0], [0, 1, 0, 1, 2, 1, 1, 1, 0, 1, 0], [0, 1, 1, 1, 0, 1, 0, 1, 1, 1, 0], [0, 0, 0, 1, 0, 1, 0, 2, 0, 0, 0], [0, 1, 1, 1, 2, 1, 1, 1, 1, 1, 0], [0, 1, 0, 2, 0, 0, 0, 2, 0, 1, 0], [0, 1, 0, 2, 0, 1, 0, 2, 0, 1, 0], [0, 1, 0, 2, 0, 1, 1, 2, 0, 1, 0], [0, 2, 0, 2, 0, 1, 1, 2, 0, 1, 0], [0, 2, 0, 2, 0, 1, 0, 2, 0, 1, 0], [0, 2, 0, 2, 0, 0, 0, 1, 0, 1, 0], [0, 2, 2, 5, 2, 1, 1, 1, 1, 1, 0], [0, 0, 0, 1, 0, 1, 0, 2, 0, 0, 0], [0, 1, 1, 1, 0, 1, 0, 2, 2, 2, 0], [0, 1, 0, 2, 2, 1, 2, 2, 0, 2, 0], [0, 1, 0, 0, 0, 1, 0, 0, 0, 2, 0], [0, 1, 1, 1, 1, 1, 2, 2, 4, 2, 0], [0, 0, 0, 0, 0, 0, 0, 0, 0, 0, 0]]"
2025-05-31T11:25:22.857810,0,South,763.0,False,False,False,"[[0, 0, 0, 0, 0, 0, 0, 0, 0, 0, 0], [0, 1, 1, 1, 1, 1, 1, 4, 1, 1, 0], [0, 1, 0, 0, 0, 2, 0, 0, 0, 1, 0], [0, 1, 0, 1, 2, 1, 1, 1, 0, 1, 0], [0, 1, 1, 1, 0, 1, 0, 1, 1, 1, 0], [0, 0, 0, 1, 0, 1, 0, 2, 0, 0, 0], [0, 1, 1, 1, 2, 1, 1, 1, 1, 1, 0], [0, 1, 0, 2, 0, 0, 0, 2, 0, 1, 0], [0, 1, 0, 2, 0, 1, 0, 2, 0, 1, 0], [0, 1, 0, 2, 0, 1, 1, 2, 0, 1, 0], [0, 2, 0, 2, 0, 1, 1, 2, 0, 1, 0], [0, 2, 0, 2, 0, 1, 0, 2, 0, 1, 0], [0, 2, 0, 2, 0, 0, 0, 1, 0, 1, 0], [0, 2, 5, 1, 2, 1, 1, 1, 1, 1, 0], [0, 0, 0, 1, 0, 1, 0, 2, 0, 0, 0], [0, 1, 1, 1, 0, 1, 0, 2, 2, 2, 0], [0, 1, 0, 2, 2, 1, 2, 2, 0, 2, 0], [0, 1, 0, 0, 0, 1, 0, 0, 0, 2, 0], [0, 1, 1, 1, 1, 1, 2, 2, 4, 2, 0], [0, 0, 0, 0, 0, 0, 0, 0, 0, 0, 0]]"
2025-05-31T11:25:22.994031,0,West,772.0,False,False,False,"[[0, 0, 0, 0, 0, 0, 0, 0, 0, 0, 0], [0, 1, 1, 1, 1, 1, 4, 1, 1, 1, 0], [0, 1, 0, 0, 0, 2, 0, 0, 0, 1, 0], [0, 1, 0, 1, 2, 1, 1, 1, 0, 1, 0], [0, 1, 1, 1, 0, 1, 0, 1, 1, 1, 0], [0, 0, 0, 1, 0, 1, 0, 2, 0, 0, 0], [0, 1, 1, 1, 2, 1, 1, 1, 1, 1, 0], [0, 1, 0, 2, 0, 0, 0, 2, 0, 1, 0], [0, 1, 0, 2, 0, 1, 0, 2, 0, 1, 0], [0, 1, 0, 2, 0, 1, 1, 2, 0, 1, 0], [0, 2, 0, 2, 0, 1, 1, 2, 0, 1, 0], [0, 2, 0, 2, 0, 1, 0, 2, 0, 1, 0], [0, 2, 0, 2, 0, 0, 0, 1, 0, 1, 0], [0, 5, 1, 1, 2, 1, 1, 1, 1, 1, 0], [0, 0, 0, 1, 0, 1, 0, 2, 0, 0, 0], [0, 1, 1, 1, 0, 1, 0, 2, 2, 2, 0], [0, 1, 0, 2, 2, 1, 2, 2, 0, 2, 0], [0, 1, 0, 0, 0, 1, 0, 0, 0, 2, 0], [0, 1, 1, 1, 1, 1, 2, 2, 2, 4, 0], [0, 0, 0, 0, 0, 0, 0, 0, 0, 0, 0]]"
2025-05-31T11:25:23.132183,0,West,781.0,False,False,False,"[[0, 0, 0, 0, 0, 0, 0, 0, 0, 0, 0], [0, 1, 1, 1, 1, 1, 4, 1, 1, 1, 0], [0, 1, 0, 0, 0, 2, 0, 0, 0, 1, 0], [0, 1, 0, 1, 2, 1, 1, 1, 0, 1, 0], [0, 1, 1, 1, 0, 1, 0, 1, 1, 1, 0], [0, 0, 0, 1, 0, 1, 0, 2, 0, 0, 0], [0, 1, 1, 1, 2, 1, 1, 1, 1, 1, 0], [0, 1, 0, 2, 0, 0, 0, 2, 0, 1, 0], [0, 1, 0, 2, 0, 1, 0, 2, 0, 1, 0], [0, 1, 0, 2, 0, 1, 1, 2, 0, 1, 0], [0, 2, 0, 2, 0, 1, 1, 2, 0, 1, 0], [0, 2, 0, 2, 0, 1, 0, 2, 0, 1, 0], [0, 5, 0, 2, 0, 0, 0, 1, 0, 1, 0], [0, 1, 1, 1, 2, 1, 1, 1, 1, 1, 0], [0, 0, 0, 1, 0, 1, 0, 2, 0, 0, 0], [0, 1, 1, 1, 0, 1, 0, 2, 2, 2, 0], [0, 1, 0, 2, 2, 1, 2, 2, 0, 2, 0], [0, 1, 0, 0, 0, 1, 0, 0, 0, 4, 0], [0, 1, 1, 1, 1, 1, 2, 2, 2, 2, 0], [0, 0, 0, 0, 0, 0, 0, 0, 0, 0, 0]]"
2025-05-31T11:25:23.281760,0,East,790.0,False,False,False,"[[0, 0, 0, 0, 0, 0, 0, 0, 0, 0, 0], [0, 1, 1, 1, 1, 4, 1, 1, 1, 1, 0], [0, 1, 0, 0, 0, 2, 0, 0, 0, 1, 0], [0, 1, 0, 1, 2, 1, 1, 1, 0, 1, 0], [0, 1, 1, 1, 0, 1, 0, 1, 1, 1, 0], [0, 0, 0, 1, 0, 1, 0, 2, 0, 0, 0], [0, 1, 1, 1, 2, 1, 1, 1, 1, 1, 0], [0, 1, 0, 2, 0, 0, 0, 2, 0, 1, 0], [0, 1, 0, 2, 0, 1, 0, 2, 0, 1, 0], [0, 1, 0, 2, 0, 1, 1, 2, 0, 1, 0], [0, 2, 0, 2, 0, 1, 1, 2, 0, 1, 0], [0, 5, 0, 2, 0, 1, 0, 2, 0, 1, 0], [0, 1, 0, 2, 0, 0, 0, 1, 0, 1, 0], [0, 1, 1, 1, 2, 1, 1, 1, 1, 1, 0], [0, 0, 0, 1, 0, 1, 0, 2, 0, 0, 0], [0, 1, 1, 1, 0, 1, 0, 2, 2, 2, 0], [0, 1, 0, 2, 2, 1, 2, 2, 0, 2, 0], [0, 1, 0, 0, 0, 1, 0, 0, 0, 4, 0], [0, 1, 1, 1, 1, 1, 2, 2, 2, 2, 0], [0, 0, 0, 0, 0, 0, 0, 0, 0, 0, 0]]"
2025-05-31T11:25:23.415872,0,East,789.0,False,False,False,"[[0, 0, 0, 0, 0, 0, 0, 0, 0, 0, 0], [0, 1, 1, 1, 1, 4, 1, 1, 1, 1, 0], [0, 1, 0, 0, 0, 2, 0, 0, 0, 1, 0], [0, 1, 0, 1, 2, 1, 1, 1, 0, 1, 0], [0, 1, 1, 1, 0, 1, 0, 1, 1, 1, 0], [0, 0, 0, 1, 0, 1, 0, 2, 0, 0, 0], [0, 1, 1, 1, 2, 1, 1, 1, 1, 1, 0], [0, 1, 0, 2, 0, 0, 0, 2, 0, 1, 0], [0, 1, 0, 2, 0, 1, 0, 2, 0, 1, 0], [0, 1, 0, 2, 0, 1, 1, 2, 0, 1, 0], [0, 2, 0, 2, 0, 1, 1, 2, 0, 1, 0], [0, 1, 0, 2, 0, 1, 0, 2, 0, 1, 0], [0, 5, 0, 2, 0, 0, 0, 1, 0, 1, 0], [0, 1, 1, 1, 2, 1, 1, 1, 1, 1, 0], [0, 0, 0, 1, 0, 1, 0, 2, 0, 0, 0], [0, 1, 1, 1, 0, 1, 0, 2, 2, 2, 0], [0, 1, 0, 2, 2, 1, 2, 2, 0, 4, 0], [0, 1, 0, 0, 0, 1, 0, 0, 0, 2, 0], [0, 1, 1, 1, 1, 1, 2, 2, 2, 2, 0], [0, 0, 0, 0, 0, 0, 0, 0, 0, 0, 0]]"
2025-05-31T11:25:23.559995,0,North,788.0,False,False,False,"[[0, 0, 0, 0, 0, 0, 0, 0, 0, 0, 0], [0, 1, 1, 1, 1, 4, 1, 1, 1, 1, 0], [0, 1, 0, 0, 0, 2, 0, 0, 0, 1, 0], [0, 1, 0, 1, 2, 1, 1, 1, 0, 1, 0], [0, 1, 1, 1, 0, 1, 0, 1, 1, 1, 0], [0, 0, 0, 1, 0, 1, 0, 2, 0, 0, 0], [0, 1, 1, 1, 2, 1, 1, 1, 1, 1, 0], [0, 1, 0, 2, 0, 0, 0, 2, 0, 1, 0], [0, 1, 0, 2, 0, 1, 0, 2, 0, 1, 0], [0, 1, 0, 2, 0, 1, 1, 2, 0, 1, 0], [0, 2, 0, 2, 0, 1, 1, 2, 0, 1, 0], [0, 1, 0, 2, 0, 1, 0, 2, 0, 1, 0], [0, 1, 0, 2, 0, 0, 0, 1, 0, 1, 0], [0, 5, 1, 1, 2, 1, 1, 1, 1, 1, 0], [0, 0, 0, 1, 0, 1, 0, 2, 0, 0, 0], [0, 1, 1, 1, 0, 1, 0, 2, 2, 2, 0], [0, 1, 0, 2, 2, 1, 2, 2, 0, 4, 0], [0, 1, 0, 0, 0, 1, 0, 0, 0, 2, 0], [0, 1, 1, 1, 1, 1, 2, 2, 2, 2, 0], [0, 0, 0, 0, 0, 0, 0, 0, 0, 0, 0]]"
2025-05-31T11:25:23.705375,0,North,787.0,False,False,False,"[[0, 0, 0, 0, 0, 0, 0, 0, 0, 0, 0], [0, 1, 1, 1, 1, 1, 1, 1, 1, 1, 0], [0, 1, 0, 0, 0, 4, 0, 0, 0, 1, 0], [0, 1, 0, 1, 2, 1, 1, 1, 0, 1, 0], [0, 1, 1, 1, 0, 1, 0, 1, 1, 1, 0], [0, 0, 0, 1, 0, 1, 0, 2, 0, 0, 0], [0, 1, 1, 1, 2, 1, 1, 1, 1, 1, 0], [0, 1, 0, 2, 0, 0, 0, 2, 0, 1, 0], [0, 1, 0, 2, 0, 1, 0, 2, 0, 1, 0], [0, 1, 0, 2, 0, 1, 1, 2, 0, 1, 0], [0, 2, 0, 2, 0, 1, 1, 2, 0, 1, 0], [0, 1, 0, 2, 0, 1, 0, 2, 0, 1, 0], [0, 1, 0, 2, 0, 0, 0, 1, 0, 1, 0], [0, 1, 5, 1, 2, 1, 1, 1, 1, 1, 0], [0, 0, 0, 1, 0, 1, 0, 2, 0, 0, 0], [0, 1, 1, 1, 0, 1, 0, 2, 2, 4, 0], [0, 1, 0, 2, 2, 1, 2, 2, 0, 2, 0], [0, 1, 0, 0, 0, 1, 0, 0, 0, 2, 0], [0, 1, 1, 1, 1, 1, 2, 2, 2, 2, 0], [0, 0, 0, 0, 0, 0, 0, 0, 0, 0, 0]]"
2025-05-31T11:25:23.854604,0,West,786.0,False,False,False,"[[0, 0, 0, 0, 0, 0, 0, 0, 0, 0, 0], [0, 1, 1, 1, 1, 1, 1, 1, 1, 1, 0], [0, 1, 0, 0, 0, 4, 0, 0, 0, 1, 0], [0, 1, 0, 1, 2, 1, 1, 1, 0, 1, 0], [0, 1, 1, 1, 0, 1, 0, 1, 1, 1, 0], [0, 0, 0, 1, 0, 1, 0, 2, 0, 0, 0], [0, 1, 1, 1, 2, 1, 1, 1, 1, 1, 0], [0, 1, 0, 2, 0, 0, 0, 2, 0, 1, 0], [0, 1, 0, 2, 0, 1, 0, 2, 0, 1, 0], [0, 1, 0, 2, 0, 1, 1, 2, 0, 1, 0], [0, 2, 0, 2, 0, 1, 1, 2, 0, 1, 0], [0, 1, 0, 2, 0, 1, 0, 2, 0, 1, 0], [0, 1, 0, 2, 0, 0, 0, 1, 0, 1, 0], [0, 1, 1, 5, 2, 1, 1, 1, 1, 1, 0], [0, 0, 0, 1, 0, 1, 0, 2, 0, 0, 0], [0, 1, 1, 1, 0, 1, 0, 2, 2, 4, 0], [0, 1, 0, 2, 2, 1, 2, 2, 0, 2, 0], [0, 1, 0, 0, 0, 1, 0, 0, 0, 2, 0], [0, 1, 1, 1, 1, 1, 2, 2, 2, 2, 0], [0, 0, 0, 0, 0, 0, 0, 0, 0, 0, 0]]"
2025-05-31T11:25:24.006106,0,West,795.0,False,False,False,"[[0, 0, 0, 0, 0, 0, 0, 0, 0, 0, 0], [0, 1, 1, 1, 1, 1, 1, 1, 1, 1, 0], [0, 1, 0, 0, 0, 2, 0, 0, 0, 1, 0], [0, 1, 0, 1, 2, 4, 1, 1, 0, 1, 0], [0, 1, 1, 1, 0, 1, 0, 1, 1, 1, 0], [0, 0, 0, 1, 0, 1, 0, 2, 0, 0, 0], [0, 1, 1, 1, 2, 1, 1, 1, 1, 1, 0], [0, 1, 0, 2, 0, 0, 0, 2, 0, 1, 0], [0, 1, 0, 2, 0, 1, 0, 2, 0, 1, 0], [0, 1, 0, 2, 0, 1, 1, 2, 0, 1, 0], [0, 2, 0, 2, 0, 1, 1, 2, 0, 1, 0], [0, 1, 0, 2, 0, 1, 0, 2, 0, 1, 0], [0, 1, 0, 5, 0, 0, 0, 1, 0, 1, 0], [0, 1, 1, 1, 2, 1, 1, 1, 1, 1, 0], [0, 0, 0, 1, 0, 1, 0, 2, 0, 0, 0], [0, 1, 1, 1, 0, 1, 0, 2, 4, 2, 0], [0, 1, 0, 2, 2, 1, 2, 2, 0, 2, 0], [0, 1, 0, 0, 0, 1, 0, 0, 0, 2, 0], [0, 1, 1, 1, 1, 1, 2, 2, 2, 2, 0], [0, 0, 0, 0, 0, 0, 0, 0, 0, 0, 0]]"
2025-05-31T11:25:24.142394,0,West,804.0,False,False,False,"[[0, 0, 0, 0, 0, 0, 0, 0, 0, 0, 0], [0, 1, 1, 1, 1, 1, 1, 1, 1, 1, 0], [0, 1, 0, 0, 0, 2, 0, 0, 0, 1, 0], [0, 1, 0, 1, 2, 4, 1, 1, 0, 1, 0], [0, 1, 1, 1, 0, 1, 0, 1, 1, 1, 0], [0, 0, 0, 1, 0, 1, 0, 2, 0, 0, 0], [0, 1, 1, 1, 2, 1, 1, 1, 1, 1, 0], [0, 1, 0, 2, 0, 0, 0, 2, 0, 1, 0], [0, 1, 0, 2, 0, 1, 0, 2, 0, 1, 0], [0, 1, 0, 2, 0, 1, 1, 2, 0, 1, 0], [0, 2, 0, 2, 0, 1, 1, 2, 0, 1, 0], [0, 1, 0, 5, 0, 1, 0, 2, 0, 1, 0], [0, 1, 0, 1, 0, 0, 0, 1, 0, 1, 0], [0, 1, 1, 1, 2, 1, 1, 1, 1, 1, 0], [0, 0, 0, 1, 0, 1, 0, 2, 0, 0, 0], [0, 1, 1, 1, 0, 1, 0, 2, 4, 2, 0], [0, 1, 0, 2, 2, 1, 2, 2, 0, 2, 0], [0, 1, 0, 0, 0, 1, 0, 0, 0, 2, 0], [0, 1, 1, 1, 1, 1, 2, 2, 2, 2, 0], [0, 0, 0, 0, 0, 0, 0, 0, 0, 0, 0]]"
2025-05-31T11:25:24.294945,0,West,813.0,False,False,False,"[[0, 0, 0, 0, 0, 0, 0, 0, 0, 0, 0], [0, 1, 1, 1, 1, 1, 1, 1, 1, 1, 0], [0, 1, 0, 0, 0, 2, 0, 0, 0, 1, 0], [0, 1, 0, 1, 2, 1, 4, 1, 0, 1, 0], [0, 1, 1, 1, 0, 1, 0, 1, 1, 1, 0], [0, 0, 0, 1, 0, 1, 0, 2, 0, 0, 0], [0, 1, 1, 1, 2, 1, 1, 1, 1, 1, 0], [0, 1, 0, 2, 0, 0, 0, 2, 0, 1, 0], [0, 1, 0, 2, 0, 1, 0, 2, 0, 1, 0], [0, 1, 0, 2, 0, 1, 1, 2, 0, 1, 0], [0, 2, 0, 5, 0, 1, 1, 2, 0, 1, 0], [0, 1, 0, 1, 0, 1, 0, 2, 0, 1, 0], [0, 1, 0, 1, 0, 0, 0, 1, 0, 1, 0], [0, 1, 1, 1, 2, 1, 1, 1, 1, 1, 0], [0, 0, 0, 1, 0, 1, 0, 2, 0, 0, 0], [0, 1, 1, 1, 0, 1, 0, 4, 2, 2, 0], [0, 1, 0, 2, 2, 1, 2, 2, 0, 2, 0], [0, 1, 0, 0, 0, 1, 0, 0, 0, 2, 0], [0, 1, 1, 1, 1, 1, 2, 2, 2, 2, 0], [0, 0, 0, 0, 0, 0, 0, 0, 0, 0, 0]]"
2025-05-31T11:25:24.436828,0,West,822.0,False,False,False,"[[0, 0, 0, 0, 0, 0, 0, 0, 0, 0, 0], [0, 1, 1, 1, 1, 1, 1, 1, 1, 1, 0], [0, 1, 0, 0, 0, 2, 0, 0, 0, 1, 0], [0, 1, 0, 1, 2, 1, 4, 1, 0, 1, 0], [0, 1, 1, 1, 0, 1, 0, 1, 1, 1, 0], [0, 0, 0, 1, 0, 1, 0, 2, 0, 0, 0], [0, 1, 1, 1, 2, 1, 1, 1, 1, 1, 0], [0, 1, 0, 2, 0, 0, 0, 2, 0, 1, 0], [0, 1, 0, 2, 0, 1, 0, 2, 0, 1, 0], [0, 1, 0, 5, 0, 1, 1, 2, 0, 1, 0], [0, 2, 0, 1, 0, 1, 1, 2, 0, 1, 0], [0, 1, 0, 1, 0, 1, 0, 2, 0, 1, 0], [0, 1, 0, 1, 0, 0, 0, 1, 0, 1, 0], [0, 1, 1, 1, 2, 1, 1, 1, 1, 1, 0], [0, 0, 0, 1, 0, 1, 0, 2, 0, 0, 0], [0, 1, 1, 1, 0, 1, 0, 4, 2, 2, 0], [0, 1, 0, 2, 2, 1, 2, 2, 0, 2, 0], [0, 1, 0, 0, 0, 1, 0, 0, 0, 2, 0], [0, 1, 1, 1, 1, 1, 2, 2, 2, 2, 0], [0, 0, 0, 0, 0, 0, 0, 0, 0, 0, 0]]"
2025-05-31T11:25:24.566530,0,West,831.0,False,False,False,"[[0, 0, 0, 0, 0, 0, 0, 0, 0, 0, 0], [0, 1, 1, 1, 1, 1, 1, 1, 1, 1, 0], [0, 1, 0, 0, 0, 2, 0, 0, 0, 1, 0], [0, 1, 0, 1, 2, 1, 1, 4, 0, 1, 0], [0, 1, 1, 1, 0, 1, 0, 1, 1, 1, 0], [0, 0, 0, 1, 0, 1, 0, 2, 0, 0, 0], [0, 1, 1, 1, 2, 1, 1, 1, 1, 1, 0], [0, 1, 0, 2, 0, 0, 0, 2, 0, 1, 0], [0, 1, 0, 5, 0, 1, 0, 2, 0, 1, 0], [0, 1, 0, 1, 0, 1, 1, 2, 0, 1, 0], [0, 2, 0, 1, 0, 1, 1, 2, 0, 1, 0], [0, 1, 0, 1, 0, 1, 0, 2, 0, 1, 0], [0, 1, 0, 1, 0, 0, 0, 1, 0, 1, 0], [0, 1, 1, 1, 2, 1, 1, 1, 1, 1, 0], [0, 0, 0, 1, 0, 1, 0, 2, 0, 0, 0], [0, 1, 1, 1, 0, 1, 0, 4, 2, 2, 0], [0, 1, 0, 2, 2, 1, 2, 2, 0, 2, 0], [0, 1, 0, 0, 0, 1, 0, 0, 0, 2, 0], [0, 1, 1, 1, 1, 1, 2, 2, 2, 2, 0], [0, 0, 0, 0, 0, 0, 0, 0, 0, 0, 0]]"
2025-05-31T11:25:24.709543,0,West,840.0,False,False,False,"[[0, 0, 0, 0, 0, 0, 0, 0, 0, 0, 0], [0, 1, 1, 1, 1, 1, 1, 1, 1, 1, 0], [0, 1, 0, 0, 0, 2, 0, 0, 0, 1, 0], [0, 1, 0, 1, 2, 1, 1, 4, 0, 1, 0], [0, 1, 1, 1, 0, 1, 0, 1, 1, 1, 0], [0, 0, 0, 1, 0, 1, 0, 2, 0, 0, 0], [0, 1, 1, 1, 2, 1, 1, 1, 1, 1, 0], [0, 1, 0, 5, 0, 0, 0, 2, 0, 1, 0], [0, 1, 0, 1, 0, 1, 0, 2, 0, 1, 0], [0, 1, 0, 1, 0, 1, 1, 2, 0, 1, 0], [0, 2, 0, 1, 0, 1, 1, 2, 0, 1, 0], [0, 1, 0, 1, 0, 1, 0, 2, 0, 1, 0], [0, 1, 0, 1, 0, 0, 0, 1, 0, 1, 0], [0, 1, 1, 1, 2, 1, 1, 1, 1, 1, 0], [0, 0, 0, 1, 0, 1, 0, 2, 0, 0, 0], [0, 1, 1, 1, 0, 1, 0, 2, 2, 2, 0], [0, 1, 0, 2, 2, 1, 2, 4, 0, 2, 0], [0, 1, 0, 0, 0, 1, 0, 0, 0, 2, 0], [0, 1, 1, 1, 1, 1, 2, 2, 2, 2, 0], [0, 0, 0, 0, 0, 0, 0, 0, 0, 0, 0]]"
2025-05-31T11:25:24.894245,0,North,839.0,False,False,False,"[[0, 0, 0, 0, 0, 0, 0, 0, 0, 0, 0], [0, 1, 1, 1, 1, 1, 1, 1, 1, 1, 0], [0, 1, 0, 0, 0, 2, 0, 0, 0, 1, 0], [0, 1, 0, 1, 2, 1, 1, 1, 0, 1, 0], [0, 1, 1, 1, 0, 1, 0, 4, 1, 1, 0], [0, 0, 0, 1, 0, 1, 0, 2, 0, 0, 0], [0, 1, 1, 5, 2, 1, 1, 1, 1, 1, 0], [0, 1, 0, 1, 0, 0, 0, 2, 0, 1, 0], [0, 1, 0, 1, 0, 1, 0, 2, 0, 1, 0], [0, 1, 0, 1, 0, 1, 1, 2, 0, 1, 0], [0, 2, 0, 1, 0, 1, 1, 2, 0, 1, 0], [0, 1, 0, 1, 0, 1, 0, 2, 0, 1, 0], [0, 1, 0, 1, 0, 0, 0, 1, 0, 1, 0], [0, 1, 1, 1, 2, 1, 1, 1, 1, 1, 0], [0, 0, 0, 1, 0, 1, 0, 2, 0, 0, 0], [0, 1, 1, 1, 0, 1, 0, 2, 2, 2, 0], [0, 1, 0, 2, 2, 1, 4, 2, 0, 2, 0], [0, 1, 0, 0, 0, 1, 0, 0, 0, 2, 0], [0, 1, 1, 1, 1, 1, 2, 2, 2, 2, 0], [0, 0, 0, 0, 0, 0, 0, 0, 0, 0, 0]]"
2025-05-31T11:25:25.048250,0,South,848.0,False,False,False,"[[0, 0, 0, 0, 0, 0, 0, 0, 0, 0, 0], [0, 1, 1, 1, 1, 1, 1, 1, 1, 1, 0], [0, 1, 0, 0, 0, 2, 0, 0, 0, 1, 0], [0, 1, 0, 1, 2, 1, 1, 1, 0, 1, 0], [0, 1, 1, 1, 0, 1, 0, 4, 1, 1, 0], [0, 0, 0, 1, 0, 1, 0, 2, 0, 0, 0], [0, 1, 1, 1, 5, 1, 1, 1, 1, 1, 0], [0, 1, 0, 1, 0, 0, 0, 2, 0, 1, 0], [0, 1, 0, 1, 0, 1, 0, 2, 0, 1, 0], [0, 1, 0, 1, 0, 1, 1, 2, 0, 1, 0], [0, 2, 0, 1, 0, 1, 1, 2, 0, 1, 0], [0, 1, 0, 1, 0, 1, 0, 2, 0, 1, 0], [0, 1, 0, 1, 0, 0, 0, 1, 0, 1, 0], [0, 1, 1, 1, 2, 1, 1, 1, 1, 1, 0], [0, 0, 0, 1, 0, 1, 0, 2, 0, 0, 0], [0, 1, 1, 1, 0, 1, 0, 2, 2, 2, 0], [0, 1, 0, 2, 2, 1, 4, 2, 0, 2, 0], [0, 1, 0, 0, 0, 1, 0, 0, 0, 2, 0], [0, 1, 1, 1, 1, 1, 2, 2, 2, 2, 0], [0, 0, 0, 0, 0, 0, 0, 0, 0, 0, 0]]"
2025-05-31T11:25:25.219472,0,West,847.0,False,False,False,"[[0, 0, 0, 0, 0, 0, 0, 0, 0, 0, 0], [0, 1, 1, 1, 1, 1, 1, 1, 1, 1, 0], [0, 1, 0, 0, 0, 2, 0, 0, 0, 1, 0], [0, 1, 0, 1, 2, 1, 1, 1, 0, 1, 0], [0, 1, 1, 1, 0, 1, 0, 1, 4, 1, 0], [0, 0, 0, 1, 0, 1, 0, 2, 0, 0, 0], [0, 1, 1, 5, 1, 1, 1, 1, 1, 1, 0], [0, 1, 0, 1, 0, 0, 0, 2, 0, 1, 0], [0, 1, 0, 1, 0, 1, 0, 2, 0, 1, 0], [0, 1, 0, 1, 0, 1, 1, 2, 0, 1, 0], [0, 2, 0, 1, 0, 1, 1, 2, 0, 1, 0], [0, 1, 0, 1, 0, 1, 0, 2, 0, 1, 0], [0, 1, 0, 1, 0, 0, 0, 1, 0, 1, 0], [0, 1, 1, 1, 2, 1, 1, 1, 1, 1, 0], [0, 0, 0, 1, 0, 1, 0, 2, 0, 0, 0], [0, 1, 1, 1, 0, 1, 0, 2, 2, 2, 0], [0, 1, 0, 2, 2, 4, 2, 2, 0, 2, 0], [0, 1, 0, 0, 0, 1, 0, 0, 0, 2, 0], [0, 1, 1, 1, 1, 1, 2, 2, 2, 2, 0], [0, 0, 0, 0, 0, 0, 0, 0, 0, 0, 0]]"
2025-05-31T11:25:25.407752,0,West,846.0,False,False,False,"[[0, 0, 0, 0, 0, 0, 0, 0, 0, 0, 0], [0, 1, 1, 1, 1, 1, 1, 1, 1, 1, 0], [0, 1, 0, 0, 0, 2, 0, 0, 0, 1, 0], [0, 1, 0, 1, 2, 1, 1, 1, 0, 1, 0], [0, 1, 1, 1, 0, 1, 0, 1, 4, 1, 0], [0, 0, 0, 5, 0, 1, 0, 2, 0, 0, 0], [0, 1, 1, 1, 1, 1, 1, 1, 1, 1, 0], [0, 1, 0, 1, 0, 0, 0, 2, 0, 1, 0], [0, 1, 0, 1, 0, 1, 0, 2, 0, 1, 0], [0, 1, 0, 1, 0, 1, 1, 2, 0, 1, 0], [0, 2, 0, 1, 0, 1, 1, 2, 0, 1, 0], [0, 1, 0, 1, 0, 1, 0, 2, 0, 1, 0], [0, 1, 0, 1, 0, 0, 0, 1, 0, 1, 0], [0, 1, 1, 1, 2, 1, 1, 1, 1, 1, 0], [0, 0, 0, 1, 0, 1, 0, 2, 0, 0, 0], [0, 1, 1, 1, 0, 1, 0, 2, 2, 2, 0], [0, 1, 0, 2, 2, 4, 2, 2, 0, 2, 0], [0, 1, 0, 0, 0, 1, 0, 0, 0, 2, 0], [0, 1, 1, 1, 1, 1, 2, 2, 2, 2, 0], [0, 0, 0, 0, 0, 0, 0, 0, 0, 0, 0]]"
2025-05-31T11:25:25.551833,0,West,845.0,False,False,False,"[[0, 0, 0, 0, 0, 0, 0, 0, 0, 0, 0], [0, 1, 1, 1, 1, 1, 1, 1, 1, 1, 0], [0, 1, 0, 0, 0, 2, 0, 0, 0, 1, 0], [0, 1, 0, 1, 2, 1, 1, 1, 0, 1, 0], [0, 1, 1, 5, 0, 1, 0, 1, 1, 4, 0], [0, 0, 0, 1, 0, 1, 0, 2, 0, 0, 0], [0, 1, 1, 1, 1, 1, 1, 1, 1, 1, 0], [0, 1, 0, 1, 0, 0, 0, 2, 0, 1, 0], [0, 1, 0, 1, 0, 1, 0, 2, 0, 1, 0], [0, 1, 0, 1, 0, 1, 1, 2, 0, 1, 0], [0, 2, 0, 1, 0, 1, 1, 2, 0, 1, 0], [0, 1, 0, 1, 0, 1, 0, 2, 0, 1, 0], [0, 1, 0, 1, 0, 0, 0, 1, 0, 1, 0], [0, 1, 1, 1, 2, 1, 1, 1, 1, 1, 0], [0, 0, 0, 1, 0, 1, 0, 2, 0, 0, 0], [0, 1, 1, 1, 0, 1, 0, 2, 2, 2, 0], [0, 1, 0, 2, 2, 4, 2, 2, 0, 2, 0], [0, 1, 0, 0, 0, 1, 0, 0, 0, 2, 0], [0, 1, 1, 1, 1, 1, 2, 2, 2, 2, 0], [0, 0, 0, 0, 0, 0, 0, 0, 0, 0, 0]]"
2025-05-31T11:25:25.697689,0,North,844.0,False,False,False,"[[0, 0, 0, 0, 0, 0, 0, 0, 0, 0, 0], [0, 1, 1, 1, 1, 1, 1, 1, 1, 1, 0], [0, 1, 0, 0, 0, 2, 0, 0, 0, 1, 0], [0, 1, 0, 5, 2, 1, 1, 1, 0, 4, 0], [0, 1, 1, 1, 0, 1, 0, 1, 1, 1, 0], [0, 0, 0, 1, 0, 1, 0, 2, 0, 0, 0], [0, 1, 1, 1, 1, 1, 1, 1, 1, 1, 0], [0, 1, 0, 1, 0, 0, 0, 2, 0, 1, 0], [0, 1, 0, 1, 0, 1, 0, 2, 0, 1, 0], [0, 1, 0, 1, 0, 1, 1, 2, 0, 1, 0], [0, 2, 0, 1, 0, 1, 1, 2, 0, 1, 0], [0, 1, 0, 1, 0, 1, 0, 2, 0, 1, 0], [0, 1, 0, 1, 0, 0, 0, 1, 0, 1, 0], [0, 1, 1, 1, 2, 1, 1, 1, 1, 1, 0], [0, 0, 0, 1, 0, 1, 0, 2, 0, 0, 0], [0, 1, 1, 1, 0, 1, 0, 2, 2, 2, 0], [0, 1, 0, 2, 2, 1, 2, 2, 0, 2, 0], [0, 1, 0, 0, 0, 4, 0, 0, 0, 2, 0], [0, 1, 1, 1, 1, 1, 2, 2, 2, 2, 0], [0, 0, 0, 0, 0, 0, 0, 0, 0, 0, 0]]"
2025-05-31T11:25:25.844223,0,South,853.0,False,False,False,"[[0, 0, 0, 0, 0, 0, 0, 0, 0, 0, 0], [0, 1, 1, 1, 1, 1, 1, 1, 1, 1, 0], [0, 1, 0, 0, 0, 2, 0, 0, 0, 1, 0], [0, 1, 0, 1, 5, 1, 1, 1, 0, 4, 0], [0, 1, 1, 1, 0, 1, 0, 1, 1, 1, 0], [0, 0, 0, 1, 0, 1, 0, 2, 0, 0, 0], [0, 1, 1, 1, 1, 1, 1, 1, 1, 1, 0], [0, 1, 0, 1, 0, 0, 0, 2, 0, 1, 0], [0, 1, 0, 1, 0, 1, 0, 2, 0, 1, 0], [0, 1, 0, 1, 0, 1, 1, 2, 0, 1, 0], [0, 2, 0, 1, 0, 1, 1, 2, 0, 1, 0], [0, 1, 0, 1, 0, 1, 0, 2, 0, 1, 0], [0, 1, 0, 1, 0, 0, 0, 1, 0, 1, 0], [0, 1, 1, 1, 2, 1, 1, 1, 1, 1, 0], [0, 0, 0, 1, 0, 1, 0, 2, 0, 0, 0], [0, 1, 1, 1, 0, 1, 0, 2, 2, 2, 0], [0, 1, 0, 2, 2, 1, 2, 2, 0, 2, 0], [0, 1, 0, 0, 0, 4, 0, 0, 0, 2, 0], [0, 1, 1, 1, 1, 1, 2, 2, 2, 2, 0], [0, 0, 0, 0, 0, 0, 0, 0, 0, 0, 0]]"
2025-05-31T11:25:25.985444,0,East,852.0,False,False,False,"[[0, 0, 0, 0, 0, 0, 0, 0, 0, 0, 0], [0, 1, 1, 1, 1, 1, 1, 1, 1, 1, 0], [0, 1, 0, 0, 0, 2, 0, 0, 0, 4, 0], [0, 1, 0, 5, 1, 1, 1, 1, 0, 1, 0], [0, 1, 1, 1, 0, 1, 0, 1, 1, 1, 0], [0, 0, 0, 1, 0, 1, 0, 2, 0, 0, 0], [0, 1, 1, 1, 1, 1, 1, 1, 1, 1, 0], [0, 1, 0, 1, 0, 0, 0, 2, 0, 1, 0], [0, 1, 0, 1, 0, 1, 0, 2, 0, 1, 0], [0, 1, 0, 1, 0, 1, 1, 2, 0, 1, 0], [0, 2, 0, 1, 0, 1, 1, 2, 0, 1, 0], [0, 1, 0, 1, 0, 1, 0, 2, 0, 1, 0], [0, 1, 0, 1, 0, 0, 0, 1, 0, 1, 0], [0, 1, 1, 1, 2, 1, 1, 1, 1, 1, 0], [0, 0, 0, 1, 0, 1, 0, 2, 0, 0, 0], [0, 1, 1, 1, 0, 1, 0, 2, 2, 2, 0], [0, 1, 0, 2, 2, 1, 2, 2, 0, 2, 0], [0, 1, 0, 0, 0, 1, 0, 0, 0, 2, 0], [0, 1, 1, 1, 1, 4, 2, 2, 2, 2, 0], [0, 0, 0, 0, 0, 0, 0, 0, 0, 0, 0]]"
2025-05-31T11:25:26.132423,0,West,851.0,False,False,False,"[[0, 0, 0, 0, 0, 0, 0, 0, 0, 0, 0], [0, 1, 1, 1, 1, 1, 1, 1, 1, 1, 0], [0, 1, 0, 0, 0, 2, 0, 0, 0, 4, 0], [0, 1, 0, 1, 1, 1, 1, 1, 0, 1, 0], [0, 1, 1, 5, 0, 1, 0, 1, 1, 1, 0], [0, 0, 0, 1, 0, 1, 0, 2, 0, 0, 0], [0, 1, 1, 1, 1, 1, 1, 1, 1, 1, 0], [0, 1, 0, 1, 0, 0, 0, 2, 0, 1, 0], [0, 1, 0, 1, 0, 1, 0, 2, 0, 1, 0], [0, 1, 0, 1, 0, 1, 1, 2, 0, 1, 0], [0, 2, 0, 1, 0, 1, 1, 2, 0, 1, 0], [0, 1, 0, 1, 0, 1, 0, 2, 0, 1, 0], [0, 1, 0, 1, 0, 0, 0, 1, 0, 1, 0], [0, 1, 1, 1, 2, 1, 1, 1, 1, 1, 0], [0, 0, 0, 1, 0, 1, 0, 2, 0, 0, 0], [0, 1, 1, 1, 0, 1, 0, 2, 2, 2, 0], [0, 1, 0, 2, 2, 1, 2, 2, 0, 2, 0], [0, 1, 0, 0, 0, 1, 0, 0, 0, 2, 0], [0, 1, 1, 1, 1, 4, 2, 2, 2, 2, 0], [0, 0, 0, 0, 0, 0, 0, 0, 0, 0, 0]]"
2025-05-31T11:25:26.272523,0,North,850.0,False,False,False,"[[0, 0, 0, 0, 0, 0, 0, 0, 0, 0, 0], [0, 1, 1, 1, 1, 1, 1, 1, 1, 4, 0], [0, 1, 0, 0, 0, 2, 0, 0, 0, 1, 0], [0, 1, 0, 5, 1, 1, 1, 1, 0, 1, 0], [0, 1, 1, 1, 0, 1, 0, 1, 1, 1, 0], [0, 0, 0, 1, 0, 1, 0, 2, 0, 0, 0], [0, 1, 1, 1, 1, 1, 1, 1, 1, 1, 0], [0, 1, 0, 1, 0, 0, 0, 2, 0, 1, 0], [0, 1, 0, 1, 0, 1, 0, 2, 0, 1, 0], [0, 1, 0, 1, 0, 1, 1, 2, 0, 1, 0], [0, 2, 0, 1, 0, 1, 1, 2, 0, 1, 0], [0, 1, 0, 1, 0, 1, 0, 2, 0, 1, 0], [0, 1, 0, 1, 0, 0, 0, 1, 0, 1, 0], [0, 1, 1, 1, 2, 1, 1, 1, 1, 1, 0], [0, 0, 0, 1, 0, 1, 0, 2, 0, 0, 0], [0, 1, 1, 1, 0, 1, 0, 2, 2, 2, 0], [0, 1, 0, 2, 2, 1, 2, 2, 0, 2, 0], [0, 1, 0, 0, 0, 1, 0, 0, 0, 2, 0], [0, 1, 1, 1, 1, 1, 4, 2, 2, 2, 0], [0, 0, 0, 0, 0, 0, 0, 0, 0, 0, 0]]"
2025-05-31T11:25:26.417578,0,North,849.0,False,False,False,"[[0, 0, 0, 0, 0, 0, 0, 0, 0, 0, 0], [0, 1, 1, 1, 1, 1, 1, 1, 1, 4, 0], [0, 1, 0, 0, 0, 2, 0, 0, 0, 1, 0], [0, 1, 0, 1, 5, 1, 1, 1, 0, 1, 0], [0, 1, 1, 1, 0, 1, 0, 1, 1, 1, 0], [0, 0, 0, 1, 0, 1, 0, 2, 0, 0, 0], [0, 1, 1, 1, 1, 1, 1, 1, 1, 1, 0], [0, 1, 0, 1, 0, 0, 0, 2, 0, 1, 0], [0, 1, 0, 1, 0, 1, 0, 2, 0, 1, 0], [0, 1, 0, 1, 0, 1, 1, 2, 0, 1, 0], [0, 2, 0, 1, 0, 1, 1, 2, 0, 1, 0], [0, 1, 0, 1, 0, 1, 0, 2, 0, 1, 0], [0, 1, 0, 1, 0, 0, 0, 1, 0, 1, 0], [0, 1, 1, 1, 2, 1, 1, 1, 1, 1, 0], [0, 0, 0, 1, 0, 1, 0, 2, 0, 0, 0], [0, 1, 1, 1, 0, 1, 0, 2, 2, 2, 0], [0, 1, 0, 2, 2, 1, 2, 2, 0, 2, 0], [0, 1, 0, 0, 0, 1, 0, 0, 0, 2, 0], [0, 1, 1, 1, 1, 1, 4, 2, 2, 2, 0], [0, 0, 0, 0, 0, 0, 0, 0, 0, 0, 0]]"
2025-05-31T11:25:26.575289,0,West,848.0,False,False,False,"[[0, 0, 0, 0, 0, 0, 0, 0, 0, 0, 0], [0, 1, 1, 1, 1, 1, 1, 1, 4, 1, 0], [0, 1, 0, 0, 0, 2, 0, 0, 0, 1, 0], [0, 1, 0, 1, 1, 5, 1, 1, 0, 1, 0], [0, 1, 1, 1, 0, 1, 0, 1, 1, 1, 0], [0, 0, 0, 1, 0, 1, 0, 2, 0, 0, 0], [0, 1, 1, 1, 1, 1, 1, 1, 1, 1, 0], [0, 1, 0, 1, 0, 0, 0, 2, 0, 1, 0], [0, 1, 0, 1, 0, 1, 0, 2, 0, 1, 0], [0, 1, 0, 1, 0, 1, 1, 2, 0, 1, 0], [0, 2, 0, 1, 0, 1, 1, 2, 0, 1, 0], [0, 1, 0, 1, 0, 1, 0, 2, 0, 1, 0], [0, 1, 0, 1, 0, 0, 0, 1, 0, 1, 0], [0, 1, 1, 1, 2, 1, 1, 1, 1, 1, 0], [0, 0, 0, 1, 0, 1, 0, 2, 0, 0, 0], [0, 1, 1, 1, 0, 1, 0, 2, 2, 2, 0], [0, 1, 0, 2, 2, 1, 2, 2, 0, 2, 0], [0, 1, 0, 0, 0, 1, 0, 0, 0, 2, 0], [0, 1, 1, 1, 1, 1, 2, 4, 2, 2, 0], [0, 0, 0, 0, 0, 0, 0, 0, 0, 0, 0]]"
2025-05-31T11:25:26.718785,0,West,857.0,False,False,False,"[[0, 0, 0, 0, 0, 0, 0, 0, 0, 0, 0], [0, 1, 1, 1, 1, 1, 1, 1, 4, 1, 0], [0, 1, 0, 0, 0, 5, 0, 0, 0, 1, 0], [0, 1, 0, 1, 1, 1, 1, 1, 0, 1, 0], [0, 1, 1, 1, 0, 1, 0, 1, 1, 1, 0], [0, 0, 0, 1, 0, 1, 0, 2, 0, 0, 0], [0, 1, 1, 1, 1, 1, 1, 1, 1, 1, 0], [0, 1, 0, 1, 0, 0, 0, 2, 0, 1, 0], [0, 1, 0, 1, 0, 1, 0, 2, 0, 1, 0], [0, 1, 0, 1, 0, 1, 1, 2, 0, 1, 0], [0, 2, 0, 1, 0, 1, 1, 2, 0, 1, 0], [0, 1, 0, 1, 0, 1, 0, 2, 0, 1, 0], [0, 1, 0, 1, 0, 0, 0, 1, 0, 1, 0], [0, 1, 1, 1, 2, 1, 1, 1, 1, 1, 0], [0, 0, 0, 1, 0, 1, 0, 2, 0, 0, 0], [0, 1, 1, 1, 0, 1, 0, 2, 2, 2, 0], [0, 1, 0, 2, 2, 1, 2, 2, 0, 2, 0], [0, 1, 0, 0, 0, 1, 0, 0, 0, 2, 0], [0, 1, 1, 1, 1, 1, 2, 4, 2, 2, 0], [0, 0, 0, 0, 0, 0, 0, 0, 0, 0, 0]]"
2025-05-31T11:25:26.863247,0,North,856.0,False,False,False,"[[0, 0, 0, 0, 0, 0, 0, 0, 0, 0, 0], [0, 1, 1, 1, 1, 5, 1, 4, 1, 1, 0], [0, 1, 0, 0, 0, 1, 0, 0, 0, 1, 0], [0, 1, 0, 1, 1, 1, 1, 1, 0, 1, 0], [0, 1, 1, 1, 0, 1, 0, 1, 1, 1, 0], [0, 0, 0, 1, 0, 1, 0, 2, 0, 0, 0], [0, 1, 1, 1, 1, 1, 1, 1, 1, 1, 0], [0, 1, 0, 1, 0, 0, 0, 2, 0, 1, 0], [0, 1, 0, 1, 0, 1, 0, 2, 0, 1, 0], [0, 1, 0, 1, 0, 1, 1, 2, 0, 1, 0], [0, 2, 0, 1, 0, 1, 1, 2, 0, 1, 0], [0, 1, 0, 1, 0, 1, 0, 2, 0, 1, 0], [0, 1, 0, 1, 0, 0, 0, 1, 0, 1, 0], [0, 1, 1, 1, 2, 1, 1, 1, 1, 1, 0], [0, 0, 0, 1, 0, 1, 0, 2, 0, 0, 0], [0, 1, 1, 1, 0, 1, 0, 2, 2, 2, 0], [0, 1, 0, 2, 2, 1, 2, 2, 0, 2, 0], [0, 1, 0, 0, 0, 1, 0, 0, 0, 2, 0], [0, 1, 1, 1, 1, 1, 2, 2, 4, 2, 0], [0, 0, 0, 0, 0, 0, 0, 0, 0, 0, 0]]"
2025-05-31T11:25:27.015739,0,South,855.0,False,False,False,"[[0, 0, 0, 0, 0, 0, 0, 0, 0, 0, 0], [0, 1, 1, 1, 1, 1, 5, 4, 1, 1, 0], [0, 1, 0, 0, 0, 1, 0, 0, 0, 1, 0], [0, 1, 0, 1, 1, 1, 1, 1, 0, 1, 0], [0, 1, 1, 1, 0, 1, 0, 1, 1, 1, 0], [0, 0, 0, 1, 0, 1, 0, 2, 0, 0, 0], [0, 1, 1, 1, 1, 1, 1, 1, 1, 1, 0], [0, 1, 0, 1, 0, 0, 0, 2, 0, 1, 0], [0, 1, 0, 1, 0, 1, 0, 2, 0, 1, 0], [0, 1, 0, 1, 0, 1, 1, 2, 0, 1, 0], [0, 2, 0, 1, 0, 1, 1, 2, 0, 1, 0], [0, 1, 0, 1, 0, 1, 0, 2, 0, 1, 0], [0, 1, 0, 1, 0, 0, 0, 1, 0, 1, 0], [0, 1, 1, 1, 2, 1, 1, 1, 1, 1, 0], [0, 0, 0, 1, 0, 1, 0, 2, 0, 0, 0], [0, 1, 1, 1, 0, 1, 0, 2, 2, 2, 0], [0, 1, 0, 2, 2, 1, 2, 2, 0, 2, 0], [0, 1, 0, 0, 0, 1, 0, 0, 0, 2, 0], [0, 1, 1, 1, 1, 1, 2, 2, 4, 2, 0], [0, 0, 0, 0, 0, 0, 0, 0, 0, 0, 0]]"
2025-05-31T11:25:27.164761,0,North,854.0,False,False,False,"[[0, 0, 0, 0, 0, 0, 0, 0, 0, 0, 0], [0, 1, 1, 1, 1, 5, 4, 1, 1, 1, 0], [0, 1, 0, 0, 0, 1, 0, 0, 0, 1, 0], [0, 1, 0, 1, 1, 1, 1, 1, 0, 1, 0], [0, 1, 1, 1, 0, 1, 0, 1, 1, 1, 0], [0, 0, 0, 1, 0, 1, 0, 2, 0, 0, 0], [0, 1, 1, 1, 1, 1, 1, 1, 1, 1, 0], [0, 1, 0, 1, 0, 0, 0, 2, 0, 1, 0], [0, 1, 0, 1, 0, 1, 0, 2, 0, 1, 0], [0, 1, 0, 1, 0, 1, 1, 2, 0, 1, 0], [0, 2, 0, 1, 0, 1, 1, 2, 0, 1, 0], [0, 1, 0, 1, 0, 1, 0, 2, 0, 1, 0], [0, 1, 0, 1, 0, 0, 0, 1, 0, 1, 0], [0, 1, 1, 1, 2, 1, 1, 1, 1, 1, 0], [0, 0, 0, 1, 0, 1, 0, 2, 0, 0, 0], [0, 1, 1, 1, 0, 1, 0, 2, 2, 2, 0], [0, 1, 0, 2, 2, 1, 2, 2, 0, 2, 0], [0, 1, 0, 0, 0, 1, 0, 0, 0, 2, 0], [0, 1, 1, 1, 1, 1, 2, 2, 2, 4, 0], [0, 0, 0, 0, 0, 0, 0, 0, 0, 0, 0]]"
2025-05-31T11:25:27.388435,0,North,1053.0,False,False,False,"[[0, 0, 0, 0, 0, 0, 0, 0, 0, 0, 0], [0, 1, 1, 1, 1, 1, 5, 1, 1, 1, 0], [0, 1, 0, 0, 0, 1, 0, 0, 0, 1, 0], [0, 1, 0, 1, 1, 1, 1, 1, 0, 1, 0], [0, 1, 1, 1, 0, 1, 0, 1, 1, 1, 0], [0, 0, 0, 1, 0, 1, 0, 2, 0, 0, 0], [0, 1, 1, 1, 1, 1, 1, 1, 1, 1, 0], [0, 1, 0, 1, 0, 0, 0, 2, 0, 1, 0], [0, 1, 0, 1, 0, 1, 0, 2, 0, 1, 0], [0, 1, 0, 1, 0, 1, 1, 2, 0, 1, 0], [0, 2, 0, 1, 0, 4, 1, 2, 0, 1, 0], [0, 1, 0, 1, 0, 1, 0, 2, 0, 1, 0], [0, 1, 0, 1, 0, 0, 0, 1, 0, 1, 0], [0, 1, 1, 1, 2, 1, 1, 1, 1, 1, 0], [0, 0, 0, 1, 0, 1, 0, 2, 0, 0, 0], [0, 1, 1, 1, 0, 1, 0, 2, 2, 2, 0], [0, 1, 0, 2, 2, 1, 2, 2, 0, 2, 0], [0, 1, 0, 0, 0, 1, 0, 0, 0, 4, 0], [0, 1, 1, 1, 1, 1, 2, 2, 2, 2, 0], [0, 0, 0, 0, 0, 0, 0, 0, 0, 0, 0]]"
2025-05-31T11:25:27.555793,0,North,1052.0,False,False,False,"[[0, 0, 0, 0, 0, 0, 0, 0, 0, 0, 0], [0, 1, 1, 1, 1, 1, 1, 5, 1, 1, 0], [0, 1, 0, 0, 0, 1, 0, 0, 0, 1, 0], [0, 1, 0, 1, 1, 1, 1, 1, 0, 1, 0], [0, 1, 1, 1, 0, 1, 0, 1, 1, 1, 0], [0, 0, 0, 1, 0, 1, 0, 2, 0, 0, 0], [0, 1, 1, 1, 1, 1, 1, 1, 1, 1, 0], [0, 1, 0, 1, 0, 0, 0, 2, 0, 1, 0], [0, 1, 0, 1, 0, 1, 0, 2, 0, 1, 0], [0, 1, 0, 1, 0, 1, 1, 2, 0, 1, 0], [0, 2, 0, 1, 0, 1, 4, 2, 0, 1, 0], [0, 1, 0, 1, 0, 1, 0, 2, 0, 1, 0], [0, 1, 0, 1, 0, 0, 0, 1, 0, 1, 0], [0, 1, 1, 1, 2, 1, 1, 1, 1, 1, 0], [0, 0, 0, 1, 0, 1, 0, 2, 0, 0, 0], [0, 1, 1, 1, 0, 1, 0, 2, 2, 2, 0], [0, 1, 0, 2, 2, 1, 2, 2, 0, 2, 0], [0, 1, 0, 0, 0, 1, 0, 0, 0, 4, 0], [0, 1, 1, 1, 1, 1, 2, 2, 2, 2, 0], [0, 0, 0, 0, 0, 0, 0, 0, 0, 0, 0]]"
2025-05-31T11:25:27.730858,0,South,1051.0,False,False,False,"[[0, 0, 0, 0, 0, 0, 0, 0, 0, 0, 0], [0, 1, 1, 1, 1, 1, 1, 1, 5, 1, 0], [0, 1, 0, 0, 0, 1, 0, 0, 0, 1, 0], [0, 1, 0, 1, 1, 1, 1, 1, 0, 1, 0], [0, 1, 1, 1, 0, 1, 0, 1, 1, 1, 0], [0, 0, 0, 1, 0, 1, 0, 2, 0, 0, 0], [0, 1, 1, 1, 1, 1, 1, 1, 1, 1, 0], [0, 1, 0, 1, 0, 0, 0, 2, 0, 1, 0], [0, 1, 0, 1, 0, 1, 0, 2, 0, 1, 0], [0, 1, 0, 1, 0, 1, 4, 2, 0, 1, 0], [0, 2, 0, 1, 0, 1, 1, 2, 0, 1, 0], [0, 1, 0, 1, 0, 1, 0, 2, 0, 1, 0], [0, 1, 0, 1, 0, 0, 0, 1, 0, 1, 0], [0, 1, 1, 1, 2, 1, 1, 1, 1, 1, 0], [0, 0, 0, 1, 0, 1, 0, 2, 0, 0, 0], [0, 1, 1, 1, 0, 1, 0, 2, 2, 2, 0], [0, 1, 0, 2, 2, 1, 2, 2, 0, 4, 0], [0, 1, 0, 0, 0, 1, 0, 0, 0, 2, 0], [0, 1, 1, 1, 1, 1, 2, 2, 2, 2, 0], [0, 0, 0, 0, 0, 0, 0, 0, 0, 0, 0]]"
2025-05-31T11:25:27.876095,0,North,1050.0,False,False,False,"[[0, 0, 0, 0, 0, 0, 0, 0, 0, 0, 0], [0, 1, 1, 1, 1, 1, 1, 5, 1, 1, 0], [0, 1, 0, 0, 0, 1, 0, 0, 0, 1, 0], [0, 1, 0, 1, 1, 1, 1, 1, 0, 1, 0], [0, 1, 1, 1, 0, 1, 0, 1, 1, 1, 0], [0, 0, 0, 1, 0, 1, 0, 2, 0, 0, 0], [0, 1, 1, 1, 1, 1, 1, 1, 1, 1, 0], [0, 1, 0, 1, 0, 0, 0, 2, 0, 1, 0], [0, 1, 0, 1, 0, 1, 0, 2, 0, 1, 0], [0, 1, 0, 1, 0, 1, 1, 4, 0, 1, 0], [0, 2, 0, 1, 0, 1, 1, 2, 0, 1, 0], [0, 1, 0, 1, 0, 1, 0, 2, 0, 1, 0], [0, 1, 0, 1, 0, 0, 0, 1, 0, 1, 0], [0, 1, 1, 1, 2, 1, 1, 1, 1, 1, 0], [0, 0, 0, 1, 0, 1, 0, 2, 0, 0, 0], [0, 1, 1, 1, 0, 1, 0, 2, 2, 4, 0], [0, 1, 0, 2, 2, 1, 2, 2, 0, 2, 0], [0, 1, 0, 0, 0, 1, 0, 0, 0, 2, 0], [0, 1, 1, 1, 1, 1, 2, 2, 2, 2, 0], [0, 0, 0, 0, 0, 0, 0, 0, 0, 0, 0]]"
2025-05-31T11:25:28.030982,0,North,1049.0,False,False,False,"[[0, 0, 0, 0, 0, 0, 0, 0, 0, 0, 0], [0, 1, 1, 1, 1, 1, 1, 1, 5, 1, 0], [0, 1, 0, 0, 0, 1, 0, 0, 0, 1, 0], [0, 1, 0, 1, 1, 1, 1, 1, 0, 1, 0], [0, 1, 1, 1, 0, 1, 0, 1, 1, 1, 0], [0, 0, 0, 1, 0, 1, 0, 2, 0, 0, 0], [0, 1, 1, 1, 1, 1, 1, 1, 1, 1, 0], [0, 1, 0, 1, 0, 0, 0, 2, 0, 1, 0], [0, 1, 0, 1, 0, 1, 0, 4, 0, 1, 0], [0, 1, 0, 1, 0, 1, 1, 2, 0, 1, 0], [0, 2, 0, 1, 0, 1, 1, 2, 0, 1, 0], [0, 1, 0, 1, 0, 1, 0, 2, 0, 1, 0], [0, 1, 0, 1, 0, 0, 0, 1, 0, 1, 0], [0, 1, 1, 1, 2, 1, 1, 1, 1, 1, 0], [0, 0, 0, 1, 0, 1, 0, 2, 0, 0, 0], [0, 1, 1, 1, 0, 1, 0, 2, 4, 2, 0], [0, 1, 0, 2, 2, 1, 2, 2, 0, 2, 0], [0, 1, 0, 0, 0, 1, 0, 0, 0, 2, 0], [0, 1, 1, 1, 1, 1, 2, 2, 2, 2, 0], [0, 0, 0, 0, 0, 0, 0, 0, 0, 0, 0]]"
2025-05-31T11:25:28.251748,0,South,1048.0,False,False,False,"[[0, 0, 0, 0, 0, 0, 0, 0, 0, 0, 0], [0, 1, 1, 1, 1, 1, 1, 1, 1, 5, 0], [0, 1, 0, 0, 0, 1, 0, 0, 0, 1, 0], [0, 1, 0, 1, 1, 1, 1, 1, 0, 1, 0], [0, 1, 1, 1, 0, 1, 0, 1, 1, 1, 0], [0, 0, 0, 1, 0, 1, 0, 2, 0, 0, 0], [0, 1, 1, 1, 1, 1, 1, 1, 1, 1, 0], [0, 1, 0, 1, 0, 0, 0, 4, 0, 1, 0], [0, 1, 0, 1, 0, 1, 0, 2, 0, 1, 0], [0, 1, 0, 1, 0, 1, 1, 2, 0, 1, 0], [0, 2, 0, 1, 0, 1, 1, 2, 0, 1, 0], [0, 1, 0, 1, 0, 1, 0, 2, 0, 1, 0], [0, 1, 0, 1, 0, 0, 0, 1, 0, 1, 0], [0, 1, 1, 1, 2, 1, 1, 1, 1, 1, 0], [0, 0, 0, 1, 0, 1, 0, 2, 0, 0, 0], [0, 1, 1, 1, 0, 1, 0, 4, 2, 2, 0], [0, 1, 0, 2, 2, 1, 2, 2, 0, 2, 0], [0, 1, 0, 0, 0, 1, 0, 0, 0, 2, 0], [0, 1, 1, 1, 1, 1, 2, 2, 2, 2, 0], [0, 0, 0, 0, 0, 0, 0, 0, 0, 0, 0]]"
2025-05-31T11:25:28.425382,0,South,1047.0,False,False,False,"[[0, 0, 0, 0, 0, 0, 0, 0, 0, 0, 0], [0, 1, 1, 1, 1, 1, 1, 1, 5, 1, 0], [0, 1, 0, 0, 0, 1, 0, 0, 0, 1, 0], [0, 1, 0, 1, 1, 1, 1, 1, 0, 1, 0], [0, 1, 1, 1, 0, 1, 0, 1, 1, 1, 0], [0, 0, 0, 1, 0, 1, 0, 2, 0, 0, 0], [0, 1, 1, 1, 1, 1, 1, 4, 1, 1, 0], [0, 1, 0, 1, 0, 0, 0, 2, 0, 1, 0], [0, 1, 0, 1, 0, 1, 0, 2, 0, 1, 0], [0, 1, 0, 1, 0, 1, 1, 2, 0, 1, 0], [0, 2, 0, 1, 0, 1, 1, 2, 0, 1, 0], [0, 1, 0, 1, 0, 1, 0, 2, 0, 1, 0], [0, 1, 0, 1, 0, 0, 0, 1, 0, 1, 0], [0, 1, 1, 1, 2, 1, 1, 1, 1, 1, 0], [0, 0, 0, 1, 0, 1, 0, 4, 0, 0, 0], [0, 1, 1, 1, 0, 1, 0, 2, 2, 2, 0], [0, 1, 0, 2, 2, 1, 2, 2, 0, 2, 0], [0, 1, 0, 0, 0, 1, 0, 0, 0, 2, 0], [0, 1, 1, 1, 1, 1, 2, 2, 2, 2, 0], [0, 0, 0, 0, 0, 0, 0, 0, 0, 0, 0]]"
2025-05-31T11:25:28.577947,0,North,1046.0,False,False,False,"[[0, 0, 0, 0, 0, 0, 0, 0, 0, 0, 0], [0, 1, 1, 1, 1, 1, 1, 5, 1, 1, 0], [0, 1, 0, 0, 0, 1, 0, 0, 0, 1, 0], [0, 1, 0, 1, 1, 1, 1, 1, 0, 1, 0], [0, 1, 1, 1, 0, 1, 0, 1, 1, 1, 0], [0, 0, 0, 1, 0, 1, 0, 4, 0, 0, 0], [0, 1, 1, 1, 1, 1, 1, 1, 1, 1, 0], [0, 1, 0, 1, 0, 0, 0, 2, 0, 1, 0], [0, 1, 0, 1, 0, 1, 0, 2, 0, 1, 0], [0, 1, 0, 1, 0, 1, 1, 2, 0, 1, 0], [0, 2, 0, 1, 0, 1, 1, 2, 0, 1, 0], [0, 1, 0, 1, 0, 1, 0, 2, 0, 1, 0], [0, 1, 0, 1, 0, 0, 0, 1, 0, 1, 0], [0, 1, 1, 1, 2, 1, 1, 4, 1, 1, 0], [0, 0, 0, 1, 0, 1, 0, 2, 0, 0, 0], [0, 1, 1, 1, 0, 1, 0, 2, 2, 2, 0], [0, 1, 0, 2, 2, 1, 2, 2, 0, 2, 0], [0, 1, 0, 0, 0, 1, 0, 0, 0, 2, 0], [0, 1, 1, 1, 1, 1, 2, 2, 2, 2, 0], [0, 0, 0, 0, 0, 0, 0, 0, 0, 0, 0]]"
2025-05-31T11:25:28.747843,0,North,1045.0,False,False,False,"[[0, 0, 0, 0, 0, 0, 0, 0, 0, 0, 0], [0, 1, 1, 1, 1, 1, 1, 1, 5, 1, 0], [0, 1, 0, 0, 0, 1, 0, 0, 0, 1, 0], [0, 1, 0, 1, 1, 1, 1, 1, 0, 1, 0], [0, 1, 1, 1, 0, 1, 0, 4, 1, 1, 0], [0, 0, 0, 1, 0, 1, 0, 2, 0, 0, 0], [0, 1, 1, 1, 1, 1, 1, 1, 1, 1, 0], [0, 1, 0, 1, 0, 0, 0, 2, 0, 1, 0], [0, 1, 0, 1, 0, 1, 0, 2, 0, 1, 0], [0, 1, 0, 1, 0, 1, 1, 2, 0, 1, 0], [0, 2, 0, 1, 0, 1, 1, 2, 0, 1, 0], [0, 1, 0, 1, 0, 1, 0, 2, 0, 1, 0], [0, 1, 0, 1, 0, 0, 0, 1, 0, 1, 0], [0, 1, 1, 1, 2, 1, 4, 1, 1, 1, 0], [0, 0, 0, 1, 0, 1, 0, 2, 0, 0, 0], [0, 1, 1, 1, 0, 1, 0, 2, 2, 2, 0], [0, 1, 0, 2, 2, 1, 2, 2, 0, 2, 0], [0, 1, 0, 0, 0, 1, 0, 0, 0, 2, 0], [0, 1, 1, 1, 1, 1, 2, 2, 2, 2, 0], [0, 0, 0, 0, 0, 0, 0, 0, 0, 0, 0]]"
2025-05-31T11:25:28.895477,0,South,1044.0,False,False,False,"[[0, 0, 0, 0, 0, 0, 0, 0, 0, 0, 0], [0, 1, 1, 1, 1, 1, 1, 1, 1, 5, 0], [0, 1, 0, 0, 0, 1, 0, 0, 0, 1, 0], [0, 1, 0, 1, 1, 1, 1, 1, 0, 1, 0], [0, 1, 1, 1, 0, 1, 0, 1, 4, 1, 0], [0, 0, 0, 1, 0, 1, 0, 2, 0, 0, 0], [0, 1, 1, 1, 1, 1, 1, 1, 1, 1, 0], [0, 1, 0, 1, 0, 0, 0, 2, 0, 1, 0], [0, 1, 0, 1, 0, 1, 0, 2, 0, 1, 0], [0, 1, 0, 1, 0, 1, 1, 2, 0, 1, 0], [0, 2, 0, 1, 0, 1, 1, 2, 0, 1, 0], [0, 1, 0, 1, 0, 1, 0, 2, 0, 1, 0], [0, 1, 0, 1, 0, 0, 0, 1, 0, 1, 0], [0, 1, 1, 1, 2, 4, 1, 1, 1, 1, 0], [0, 0, 0, 1, 0, 1, 0, 2, 0, 0, 0], [0, 1, 1, 1, 0, 1, 0, 2, 2, 2, 0], [0, 1, 0, 2, 2, 1, 2, 2, 0, 2, 0], [0, 1, 0, 0, 0, 1, 0, 0, 0, 2, 0], [0, 1, 1, 1, 1, 1, 2, 2, 2, 2, 0], [0, 0, 0, 0, 0, 0, 0, 0, 0, 0, 0]]"
2025-05-31T11:25:29.036643,0,North,1043.0,False,False,False,"[[0, 0, 0, 0, 0, 0, 0, 0, 0, 0, 0], [0, 1, 1, 1, 1, 1, 1, 1, 5, 1, 0], [0, 1, 0, 0, 0, 1, 0, 0, 0, 1, 0], [0, 1, 0, 1, 1, 1, 1, 1, 0, 1, 0], [0, 1, 1, 1, 0, 1, 0, 1, 1, 4, 0], [0, 0, 0, 1, 0, 1, 0, 2, 0, 0, 0], [0, 1, 1, 1, 1, 1, 1, 1, 1, 1, 0], [0, 1, 0, 1, 0, 0, 0, 2, 0, 1, 0], [0, 1, 0, 1, 0, 1, 0, 2, 0, 1, 0], [0, 1, 0, 1, 0, 1, 1, 2, 0, 1, 0], [0, 2, 0, 1, 0, 1, 1, 2, 0, 1, 0], [0, 1, 0, 1, 0, 1, 0, 2, 0, 1, 0], [0, 1, 0, 1, 0, 0, 0, 1, 0, 1, 0], [0, 1, 1, 1, 2, 1, 1, 1, 1, 1, 0], [0, 0, 0, 1, 0, 4, 0, 2, 0, 0, 0], [0, 1, 1, 1, 0, 1, 0, 2, 2, 2, 0], [0, 1, 0, 2, 2, 1, 2, 2, 0, 2, 0], [0, 1, 0, 0, 0, 1, 0, 0, 0, 2, 0], [0, 1, 1, 1, 1, 1, 2, 2, 2, 2, 0], [0, 0, 0, 0, 0, 0, 0, 0, 0, 0, 0]]"
2025-05-31T11:25:29.164162,0,South,1042.0,False,False,False,"[[0, 0, 0, 0, 0, 0, 0, 0, 0, 0, 0], [0, 1, 1, 1, 1, 1, 1, 1, 1, 5, 0], [0, 1, 0, 0, 0, 1, 0, 0, 0, 1, 0], [0, 1, 0, 1, 1, 1, 1, 1, 0, 4, 0], [0, 1, 1, 1, 0, 1, 0, 1, 1, 1, 0], [0, 0, 0, 1, 0, 1, 0, 2, 0, 0, 0], [0, 1, 1, 1, 1, 1, 1, 1, 1, 1, 0], [0, 1, 0, 1, 0, 0, 0, 2, 0, 1, 0], [0, 1, 0, 1, 0, 1, 0, 2, 0, 1, 0], [0, 1, 0, 1, 0, 1, 1, 2, 0, 1, 0], [0, 2, 0, 1, 0, 1, 1, 2, 0, 1, 0], [0, 1, 0, 1, 0, 1, 0, 2, 0, 1, 0], [0, 1, 0, 1, 0, 0, 0, 1, 0, 1, 0], [0, 1, 1, 1, 2, 1, 1, 1, 1, 1, 0], [0, 0, 0, 1, 0, 1, 0, 2, 0, 0, 0], [0, 1, 1, 1, 0, 4, 0, 2, 2, 2, 0], [0, 1, 0, 2, 2, 1, 2, 2, 0, 2, 0], [0, 1, 0, 0, 0, 1, 0, 0, 0, 2, 0], [0, 1, 1, 1, 1, 1, 2, 2, 2, 2, 0], [0, 0, 0, 0, 0, 0, 0, 0, 0, 0, 0]]"
2025-05-31T11:25:29.298431,0,South,1041.0,False,False,False,"[[0, 0, 0, 0, 0, 0, 0, 0, 0, 0, 0], [0, 1, 1, 1, 1, 1, 1, 1, 5, 1, 0], [0, 1, 0, 0, 0, 1, 0, 0, 0, 4, 0], [0, 1, 0, 1, 1, 1, 1, 1, 0, 1, 0], [0, 1, 1, 1, 0, 1, 0, 1, 1, 1, 0], [0, 0, 0, 1, 0, 1, 0, 2, 0, 0, 0], [0, 1, 1, 1, 1, 1, 1, 1, 1, 1, 0], [0, 1, 0, 1, 0, 0, 0, 2, 0, 1, 0], [0, 1, 0, 1, 0, 1, 0, 2, 0, 1, 0], [0, 1, 0, 1, 0, 1, 1, 2, 0, 1, 0], [0, 2, 0, 1, 0, 1, 1, 2, 0, 1, 0], [0, 1, 0, 1, 0, 1, 0, 2, 0, 1, 0], [0, 1, 0, 1, 0, 0, 0, 1, 0, 1, 0], [0, 1, 1, 1, 2, 1, 1, 1, 1, 1, 0], [0, 0, 0, 1, 0, 1, 0, 2, 0, 0, 0], [0, 1, 1, 1, 0, 1, 0, 2, 2, 2, 0], [0, 1, 0, 2, 2, 4, 2, 2, 0, 2, 0], [0, 1, 0, 0, 0, 1, 0, 0, 0, 2, 0], [0, 1, 1, 1, 1, 1, 2, 2, 2, 2, 0], [0, 0, 0, 0, 0, 0, 0, 0, 0, 0, 0]]"
2025-05-31T11:25:29.416913,0,South,1040.0,False,False,False,"[[0, 0, 0, 0, 0, 0, 0, 0, 0, 0, 0], [0, 1, 1, 1, 1, 1, 1, 5, 1, 4, 0], [0, 1, 0, 0, 0, 1, 0, 0, 0, 1, 0], [0, 1, 0, 1, 1, 1, 1, 1, 0, 1, 0], [0, 1, 1, 1, 0, 1, 0, 1, 1, 1, 0], [0, 0, 0, 1, 0, 1, 0, 2, 0, 0, 0], [0, 1, 1, 1, 1, 1, 1, 1, 1, 1, 0], [0, 1, 0, 1, 0, 0, 0, 2, 0, 1, 0], [0, 1, 0, 1, 0, 1, 0, 2, 0, 1, 0], [0, 1, 0, 1, 0, 1, 1, 2, 0, 1, 0], [0, 2, 0, 1, 0, 1, 1, 2, 0, 1, 0], [0, 1, 0, 1, 0, 1, 0, 2, 0, 1, 0], [0, 1, 0, 1, 0, 0, 0, 1, 0, 1, 0], [0, 1, 1, 1, 2, 1, 1, 1, 1, 1, 0], [0, 0, 0, 1, 0, 1, 0, 2, 0, 0, 0], [0, 1, 1, 1, 0, 1, 0, 2, 2, 2, 0], [0, 1, 0, 2, 2, 1, 4, 2, 0, 2, 0], [0, 1, 0, 0, 0, 1, 0, 0, 0, 2, 0], [0, 1, 1, 1, 1, 1, 2, 2, 2, 2, 0], [0, 0, 0, 0, 0, 0, 0, 0, 0, 0, 0]]"
2025-05-31T11:25:29.539193,0,South,1039.0,False,False,False,"[[0, 0, 0, 0, 0, 0, 0, 0, 0, 0, 0], [0, 1, 1, 1, 1, 1, 5, 1, 4, 1, 0], [0, 1, 0, 0, 0, 1, 0, 0, 0, 1, 0], [0, 1, 0, 1, 1, 1, 1, 1, 0, 1, 0], [0, 1, 1, 1, 0, 1, 0, 1, 1, 1, 0], [0, 0, 0, 1, 0, 1, 0, 2, 0, 0, 0], [0, 1, 1, 1, 1, 1, 1, 1, 1, 1, 0], [0, 1, 0, 1, 0, 0, 0, 2, 0, 1, 0], [0, 1, 0, 1, 0, 1, 0, 2, 0, 1, 0], [0, 1, 0, 1, 0, 1, 1, 2, 0, 1, 0], [0, 2, 0, 1, 0, 1, 1, 2, 0, 1, 0], [0, 1, 0, 1, 0, 1, 0, 2, 0, 1, 0], [0, 1, 0, 1, 0, 0, 0, 1, 0, 1, 0], [0, 1, 1, 1, 2, 1, 1, 1, 1, 1, 0], [0, 0, 0, 1, 0, 1, 0, 2, 0, 0, 0], [0, 1, 1, 1, 0, 1, 0, 2, 2, 2, 0], [0, 1, 0, 2, 2, 1, 2, 4, 0, 2, 0], [0, 1, 0, 0, 0, 1, 0, 0, 0, 2, 0], [0, 1, 1, 1, 1, 1, 2, 2, 2, 2, 0], [0, 0, 0, 0, 0, 0, 0, 0, 0, 0, 0]]"
2025-05-31T11:25:29.680885,0,East,1038.0,False,False,False,"[[0, 0, 0, 0, 0, 0, 0, 0, 0, 0, 0], [0, 1, 1, 1, 1, 5, 1, 4, 1, 1, 0], [0, 1, 0, 0, 0, 1, 0, 0, 0, 1, 0], [0, 1, 0, 1, 1, 1, 1, 1, 0, 1, 0], [0, 1, 1, 1, 0, 1, 0, 1, 1, 1, 0], [0, 0, 0, 1, 0, 1, 0, 2, 0, 0, 0], [0, 1, 1, 1, 1, 1, 1, 1, 1, 1, 0], [0, 1, 0, 1, 0, 0, 0, 2, 0, 1, 0], [0, 1, 0, 1, 0, 1, 0, 2, 0, 1, 0], [0, 1, 0, 1, 0, 1, 1, 2, 0, 1, 0], [0, 2, 0, 1, 0, 1, 1, 2, 0, 1, 0], [0, 1, 0, 1, 0, 1, 0, 2, 0, 1, 0], [0, 1, 0, 1, 0, 0, 0, 1, 0, 1, 0], [0, 1, 1, 1, 2, 1, 1, 1, 1, 1, 0], [0, 0, 0, 1, 0, 1, 0, 2, 0, 0, 0], [0, 1, 1, 1, 0, 1, 0, 4, 2, 2, 0], [0, 1, 0, 2, 2, 1, 2, 2, 0, 2, 0], [0, 1, 0, 0, 0, 1, 0, 0, 0, 2, 0], [0, 1, 1, 1, 1, 1, 2, 2, 2, 2, 0], [0, 0, 0, 0, 0, 0, 0, 0, 0, 0, 0]]"
2025-05-31T11:25:29.805199,0,East,1037.0,False,False,False,"[[0, 0, 0, 0, 0, 0, 0, 0, 0, 0, 0], [0, 1, 1, 1, 1, 1, 4, 1, 1, 1, 0], [0, 1, 0, 0, 0, 5, 0, 0, 0, 1, 0], [0, 1, 0, 1, 1, 1, 1, 1, 0, 1, 0], [0, 1, 1, 1, 0, 1, 0, 1, 1, 1, 0], [0, 0, 0, 1, 0, 1, 0, 2, 0, 0, 0], [0, 1, 1, 1, 1, 1, 1, 1, 1, 1, 0], [0, 1, 0, 1, 0, 0, 0, 2, 0, 1, 0], [0, 1, 0, 1, 0, 1, 0, 2, 0, 1, 0], [0, 1, 0, 1, 0, 1, 1, 2, 0, 1, 0], [0, 2, 0, 1, 0, 1, 1, 2, 0, 1, 0], [0, 1, 0, 1, 0, 1, 0, 2, 0, 1, 0], [0, 1, 0, 1, 0, 0, 0, 1, 0, 1, 0], [0, 1, 1, 1, 2, 1, 1, 1, 1, 1, 0], [0, 0, 0, 1, 0, 1, 0, 2, 0, 0, 0], [0, 1, 1, 1, 0, 1, 0, 2, 4, 2, 0], [0, 1, 0, 2, 2, 1, 2, 2, 0, 2, 0], [0, 1, 0, 0, 0, 1, 0, 0, 0, 2, 0], [0, 1, 1, 1, 1, 1, 2, 2, 2, 2, 0], [0, 0, 0, 0, 0, 0, 0, 0, 0, 0, 0]]"
2025-05-31T11:25:29.943330,0,South,1036.0,False,False,False,"[[0, 0, 0, 0, 0, 0, 0, 0, 0, 0, 0], [0, 1, 1, 1, 1, 4, 1, 1, 1, 1, 0], [0, 1, 0, 0, 0, 1, 0, 0, 0, 1, 0], [0, 1, 0, 1, 1, 5, 1, 1, 0, 1, 0], [0, 1, 1, 1, 0, 1, 0, 1, 1, 1, 0], [0, 0, 0, 1, 0, 1, 0, 2, 0, 0, 0], [0, 1, 1, 1, 1, 1, 1, 1, 1, 1, 0], [0, 1, 0, 1, 0, 0, 0, 2, 0, 1, 0], [0, 1, 0, 1, 0, 1, 0, 2, 0, 1, 0], [0, 1, 0, 1, 0, 1, 1, 2, 0, 1, 0], [0, 2, 0, 1, 0, 1, 1, 2, 0, 1, 0], [0, 1, 0, 1, 0, 1, 0, 2, 0, 1, 0], [0, 1, 0, 1, 0, 0, 0, 1, 0, 1, 0], [0, 1, 1, 1, 2, 1, 1, 1, 1, 1, 0], [0, 0, 0, 1, 0, 1, 0, 2, 0, 0, 0], [0, 1, 1, 1, 0, 1, 0, 2, 2, 4, 0], [0, 1, 0, 2, 2, 1, 2, 2, 0, 2, 0], [0, 1, 0, 0, 0, 1, 0, 0, 0, 2, 0], [0, 1, 1, 1, 1, 1, 2, 2, 2, 2, 0], [0, 0, 0, 0, 0, 0, 0, 0, 0, 0, 0]]"
2025-05-31T11:25:30.088999,0,North,1035.0,False,False,False,"[[0, 0, 0, 0, 0, 0, 0, 0, 0, 0, 0], [0, 1, 1, 1, 4, 1, 1, 1, 1, 1, 0], [0, 1, 0, 0, 0, 1, 0, 0, 0, 1, 0], [0, 1, 0, 1, 5, 1, 1, 1, 0, 1, 0], [0, 1, 1, 1, 0, 1, 0, 1, 1, 1, 0], [0, 0, 0, 1, 0, 1, 0, 2, 0, 0, 0], [0, 1, 1, 1, 1, 1, 1, 1, 1, 1, 0], [0, 1, 0, 1, 0, 0, 0, 2, 0, 1, 0], [0, 1, 0, 1, 0, 1, 0, 2, 0, 1, 0], [0, 1, 0, 1, 0, 1, 1, 2, 0, 1, 0], [0, 2, 0, 1, 0, 1, 1, 2, 0, 1, 0], [0, 1, 0, 1, 0, 1, 0, 2, 0, 1, 0], [0, 1, 0, 1, 0, 0, 0, 1, 0, 1, 0], [0, 1, 1, 1, 2, 1, 1, 1, 1, 1, 0], [0, 0, 0, 1, 0, 1, 0, 2, 0, 0, 0], [0, 1, 1, 1, 0, 1, 0, 2, 2, 2, 0], [0, 1, 0, 2, 2, 1, 2, 2, 0, 4, 0], [0, 1, 0, 0, 0, 1, 0, 0, 0, 2, 0], [0, 1, 1, 1, 1, 1, 2, 2, 2, 2, 0], [0, 0, 0, 0, 0, 0, 0, 0, 0, 0, 0]]"
2025-05-31T11:25:30.247199,0,South,1034.0,False,False,False,"[[0, 0, 0, 0, 0, 0, 0, 0, 0, 0, 0], [0, 1, 1, 4, 1, 1, 1, 1, 1, 1, 0], [0, 1, 0, 0, 0, 1, 0, 0, 0, 1, 0], [0, 1, 0, 1, 1, 5, 1, 1, 0, 1, 0], [0, 1, 1, 1, 0, 1, 0, 1, 1, 1, 0], [0, 0, 0, 1, 0, 1, 0, 2, 0, 0, 0], [0, 1, 1, 1, 1, 1, 1, 1, 1, 1, 0], [0, 1, 0, 1, 0, 0, 0, 2, 0, 1, 0], [0, 1, 0, 1, 0, 1, 0, 2, 0, 1, 0], [0, 1, 0, 1, 0, 1, 1, 2, 0, 1, 0], [0, 2, 0, 1, 0, 1, 1, 2, 0, 1, 0], [0, 1, 0, 1, 0, 1, 0, 2, 0, 1, 0], [0, 1, 0, 1, 0, 0, 0, 1, 0, 1, 0], [0, 1, 1, 1, 2, 1, 1, 1, 1, 1, 0], [0, 0, 0, 1, 0, 1, 0, 2, 0, 0, 0], [0, 1, 1, 1, 0, 1, 0, 2, 2, 2, 0], [0, 1, 0, 2, 2, 1, 2, 2, 0, 2, 0], [0, 1, 0, 0, 0, 1, 0, 0, 0, 4, 0], [0, 1, 1, 1, 1, 1, 2, 2, 2, 2, 0], [0, 0, 0, 0, 0, 0, 0, 0, 0, 0, 0]]"
2025-05-31T11:25:30.388101,0,North,1033.0,False,False,False,"[[0, 0, 0, 0, 0, 0, 0, 0, 0, 0, 0], [0, 1, 4, 1, 1, 1, 1, 1, 1, 1, 0], [0, 1, 0, 0, 0, 1, 0, 0, 0, 1, 0], [0, 1, 0, 1, 5, 1, 1, 1, 0, 1, 0], [0, 1, 1, 1, 0, 1, 0, 1, 1, 1, 0], [0, 0, 0, 1, 0, 1, 0, 2, 0, 0, 0], [0, 1, 1, 1, 1, 1, 1, 1, 1, 1, 0], [0, 1, 0, 1, 0, 0, 0, 2, 0, 1, 0], [0, 1, 0, 1, 0, 1, 0, 2, 0, 1, 0], [0, 1, 0, 1, 0, 1, 1, 2, 0, 1, 0], [0, 2, 0, 1, 0, 1, 1, 2, 0, 1, 0], [0, 1, 0, 1, 0, 1, 0, 2, 0, 1, 0], [0, 1, 0, 1, 0, 0, 0, 1, 0, 1, 0], [0, 1, 1, 1, 2, 1, 1, 1, 1, 1, 0], [0, 0, 0, 1, 0, 1, 0, 2, 0, 0, 0], [0, 1, 1, 1, 0, 1, 0, 2, 2, 2, 0], [0, 1, 0, 2, 2, 1, 2, 2, 0, 2, 0], [0, 1, 0, 0, 0, 1, 0, 0, 0, 2, 0], [0, 1, 1, 1, 1, 1, 2, 2, 2, 4, 0], [0, 0, 0, 0, 0, 0, 0, 0, 0, 0, 0]]"
2025-05-31T11:25:30.548426,0,East,1032.0,False,False,False,"[[0, 0, 0, 0, 0, 0, 0, 0, 0, 0, 0], [0, 4, 1, 1, 1, 1, 1, 1, 1, 1, 0], [0, 1, 0, 0, 0, 1, 0, 0, 0, 1, 0], [0, 1, 0, 1, 1, 5, 1, 1, 0, 1, 0], [0, 1, 1, 1, 0, 1, 0, 1, 1, 1, 0], [0, 0, 0, 1, 0, 1, 0, 2, 0, 0, 0], [0, 1, 1, 1, 1, 1, 1, 1, 1, 1, 0], [0, 1, 0, 1, 0, 0, 0, 2, 0, 1, 0], [0, 1, 0, 1, 0, 1, 0, 2, 0, 1, 0], [0, 1, 0, 1, 0, 1, 1, 2, 0, 1, 0], [0, 2, 0, 1, 0, 1, 1, 2, 0, 1, 0], [0, 1, 0, 1, 0, 1, 0, 2, 0, 1, 0], [0, 1, 0, 1, 0, 0, 0, 1, 0, 1, 0], [0, 1, 1, 1, 2, 1, 1, 1, 1, 1, 0], [0, 0, 0, 1, 0, 1, 0, 2, 0, 0, 0], [0, 1, 1, 1, 0, 1, 0, 2, 2, 2, 0], [0, 1, 0, 2, 2, 1, 2, 2, 0, 2, 0], [0, 1, 0, 0, 0, 1, 0, 0, 0, 2, 0], [0, 1, 1, 1, 1, 1, 2, 2, 4, 2, 0], [0, 0, 0, 0, 0, 0, 0, 0, 0, 0, 0]]"
2025-05-31T11:25:30.704336,0,West,1031.0,False,False,False,"[[0, 0, 0, 0, 0, 0, 0, 0, 0, 0, 0], [0, 1, 1, 1, 1, 1, 1, 1, 1, 1, 0], [0, 4, 0, 0, 0, 1, 0, 0, 0, 1, 0], [0, 1, 0, 1, 1, 1, 1, 1, 0, 1, 0], [0, 1, 1, 1, 0, 5, 0, 1, 1, 1, 0], [0, 0, 0, 1, 0, 1, 0, 2, 0, 0, 0], [0, 1, 1, 1, 1, 1, 1, 1, 1, 1, 0], [0, 1, 0, 1, 0, 0, 0, 2, 0, 1, 0], [0, 1, 0, 1, 0, 1, 0, 2, 0, 1, 0], [0, 1, 0, 1, 0, 1, 1, 2, 0, 1, 0], [0, 2, 0, 1, 0, 1, 1, 2, 0, 1, 0], [0, 1, 0, 1, 0, 1, 0, 2, 0, 1, 0], [0, 1, 0, 1, 0, 0, 0, 1, 0, 1, 0], [0, 1, 1, 1, 2, 1, 1, 1, 1, 1, 0], [0, 0, 0, 1, 0, 1, 0, 2, 0, 0, 0], [0, 1, 1, 1, 0, 1, 0, 2, 2, 2, 0], [0, 1, 0, 2, 2, 1, 2, 2, 0, 2, 0], [0, 1, 0, 0, 0, 1, 0, 0, 0, 2, 0], [0, 1, 1, 1, 1, 1, 2, 4, 2, 2, 0], [0, 0, 0, 0, 0, 0, 0, 0, 0, 0, 0]]"
2025-05-31T11:25:30.880151,0,West,1030.0,False,False,False,"[[0, 0, 0, 0, 0, 0, 0, 0, 0, 0, 0], [0, 1, 1, 1, 1, 1, 1, 1, 1, 1, 0], [0, 1, 0, 0, 0, 1, 0, 0, 0, 1, 0], [0, 4, 0, 1, 1, 5, 1, 1, 0, 1, 0], [0, 1, 1, 1, 0, 1, 0, 1, 1, 1, 0], [0, 0, 0, 1, 0, 1, 0, 2, 0, 0, 0], [0, 1, 1, 1, 1, 1, 1, 1, 1, 1, 0], [0, 1, 0, 1, 0, 0, 0, 2, 0, 1, 0], [0, 1, 0, 1, 0, 1, 0, 2, 0, 1, 0], [0, 1, 0, 1, 0, 1, 1, 2, 0, 1, 0], [0, 2, 0, 1, 0, 1, 1, 2, 0, 1, 0], [0, 1, 0, 1, 0, 1, 0, 2, 0, 1, 0], [0, 1, 0, 1, 0, 0, 0, 1, 0, 1, 0], [0, 1, 1, 1, 2, 1, 1, 1, 1, 1, 0], [0, 0, 0, 1, 0, 1, 0, 2, 0, 0, 0], [0, 1, 1, 1, 0, 1, 0, 2, 2, 2, 0], [0, 1, 0, 2, 2, 1, 2, 2, 0, 2, 0], [0, 1, 0, 0, 0, 1, 0, 0, 0, 2, 0], [0, 1, 1, 1, 1, 1, 4, 2, 2, 2, 0], [0, 0, 0, 0, 0, 0, 0, 0, 0, 0, 0]]"
2025-05-31T11:25:31.051449,0,West,1029.0,False,False,False,"[[0, 0, 0, 0, 0, 0, 0, 0, 0, 0, 0], [0, 1, 1, 1, 1, 1, 1, 1, 1, 1, 0], [0, 1, 0, 0, 0, 5, 0, 0, 0, 1, 0], [0, 1, 0, 1, 1, 1, 1, 1, 0, 1, 0], [0, 4, 1, 1, 0, 1, 0, 1, 1, 1, 0], [0, 0, 0, 1, 0, 1, 0, 2, 0, 0, 0], [0, 1, 1, 1, 1, 1, 1, 1, 1, 1, 0], [0, 1, 0, 1, 0, 0, 0, 2, 0, 1, 0], [0, 1, 0, 1, 0, 1, 0, 2, 0, 1, 0], [0, 1, 0, 1, 0, 1, 1, 2, 0, 1, 0], [0, 2, 0, 1, 0, 1, 1, 2, 0, 1, 0], [0, 1, 0, 1, 0, 1, 0, 2, 0, 1, 0], [0, 1, 0, 1, 0, 0, 0, 1, 0, 1, 0], [0, 1, 1, 1, 2, 1, 1, 1, 1, 1, 0], [0, 0, 0, 1, 0, 1, 0, 2, 0, 0, 0], [0, 1, 1, 1, 0, 1, 0, 2, 2, 2, 0], [0, 1, 0, 2, 2, 1, 2, 2, 0, 2, 0], [0, 1, 0, 0, 0, 1, 0, 0, 0, 2, 0], [0, 1, 1, 1, 1, 4, 2, 2, 2, 2, 0], [0, 0, 0, 0, 0, 0, 0, 0, 0, 0, 0]]"
2025-05-31T11:25:31.268332,0,North,1028.0,False,False,False,"[[0, 0, 0, 0, 0, 0, 0, 0, 0, 0, 0], [0, 1, 1, 1, 1, 5, 1, 1, 1, 1, 0], [0, 1, 0, 0, 0, 1, 0, 0, 0, 1, 0], [0, 1, 0, 1, 1, 1, 1, 1, 0, 1, 0], [0, 1, 4, 1, 0, 1, 0, 1, 1, 1, 0], [0, 0, 0, 1, 0, 1, 0, 2, 0, 0, 0], [0, 1, 1, 1, 1, 1, 1, 1, 1, 1, 0], [0, 1, 0, 1, 0, 0, 0, 2, 0, 1, 0], [0, 1, 0, 1, 0, 1, 0, 2, 0, 1, 0], [0, 1, 0, 1, 0, 1, 1, 2, 0, 1, 0], [0, 2, 0, 1, 0, 1, 1, 2, 0, 1, 0], [0, 1, 0, 1, 0, 1, 0, 2, 0, 1, 0], [0, 1, 0, 1, 0, 0, 0, 1, 0, 1, 0], [0, 1, 1, 1, 2, 1, 1, 1, 1, 1, 0], [0, 0, 0, 1, 0, 1, 0, 2, 0, 0, 0], [0, 1, 1, 1, 0, 1, 0, 2, 2, 2, 0], [0, 1, 0, 2, 2, 1, 2, 2, 0, 2, 0], [0, 1, 0, 0, 0, 4, 0, 0, 0, 2, 0], [0, 1, 1, 1, 1, 1, 2, 2, 2, 2, 0], [0, 0, 0, 0, 0, 0, 0, 0, 0, 0, 0]]"
2025-05-31T11:25:31.476627,0,North,1027.0,False,False,False,"[[0, 0, 0, 0, 0, 0, 0, 0, 0, 0, 0], [0, 1, 1, 1, 1, 1, 5, 1, 1, 1, 0], [0, 1, 0, 0, 0, 1, 0, 0, 0, 1, 0], [0, 1, 0, 1, 1, 1, 1, 1, 0, 1, 0], [0, 1, 1, 4, 0, 1, 0, 1, 1, 1, 0], [0, 0, 0, 1, 0, 1, 0, 2, 0, 0, 0], [0, 1, 1, 1, 1, 1, 1, 1, 1, 1, 0], [0, 1, 0, 1, 0, 0, 0, 2, 0, 1, 0], [0, 1, 0, 1, 0, 1, 0, 2, 0, 1, 0], [0, 1, 0, 1, 0, 1, 1, 2, 0, 1, 0], [0, 2, 0, 1, 0, 1, 1, 2, 0, 1, 0], [0, 1, 0, 1, 0, 1, 0, 2, 0, 1, 0], [0, 1, 0, 1, 0, 0, 0, 1, 0, 1, 0], [0, 1, 1, 1, 2, 1, 1, 1, 1, 1, 0], [0, 0, 0, 1, 0, 1, 0, 2, 0, 0, 0], [0, 1, 1, 1, 0, 1, 0, 2, 2, 2, 0], [0, 1, 0, 2, 2, 4, 2, 2, 0, 2, 0], [0, 1, 0, 0, 0, 1, 0, 0, 0, 2, 0], [0, 1, 1, 1, 1, 1, 2, 2, 2, 2, 0], [0, 0, 0, 0, 0, 0, 0, 0, 0, 0, 0]]"
2025-05-31T11:25:31.630187,0,North,1026.0,False,False,False,"[[0, 0, 0, 0, 0, 0, 0, 0, 0, 0, 0], [0, 1, 1, 1, 1, 1, 1, 5, 1, 1, 0], [0, 1, 0, 0, 0, 1, 0, 0, 0, 1, 0], [0, 1, 0, 4, 1, 1, 1, 1, 0, 1, 0], [0, 1, 1, 1, 0, 1, 0, 1, 1, 1, 0], [0, 0, 0, 1, 0, 1, 0, 2, 0, 0, 0], [0, 1, 1, 1, 1, 1, 1, 1, 1, 1, 0], [0, 1, 0, 1, 0, 0, 0, 2, 0, 1, 0], [0, 1, 0, 1, 0, 1, 0, 2, 0, 1, 0], [0, 1, 0, 1, 0, 1, 1, 2, 0, 1, 0], [0, 2, 0, 1, 0, 1, 1, 2, 0, 1, 0], [0, 1, 0, 1, 0, 1, 0, 2, 0, 1, 0], [0, 1, 0, 1, 0, 0, 0, 1, 0, 1, 0], [0, 1, 1, 1, 2, 1, 1, 1, 1, 1, 0], [0, 0, 0, 1, 0, 1, 0, 2, 0, 0, 0], [0, 1, 1, 1, 0, 1, 0, 2, 2, 2, 0], [0, 1, 0, 2, 2, 1, 4, 2, 0, 2, 0], [0, 1, 0, 0, 0, 1, 0, 0, 0, 2, 0], [0, 1, 1, 1, 1, 1, 2, 2, 2, 2, 0], [0, 0, 0, 0, 0, 0, 0, 0, 0, 0, 0]]"
2025-05-31T11:25:31.818220,0,North,1025.0,False,False,False,"[[0, 0, 0, 0, 0, 0, 0, 0, 0, 0, 0], [0, 1, 1, 1, 1, 1, 1, 1, 5, 1, 0], [0, 1, 0, 0, 0, 1, 0, 0, 0, 1, 0], [0, 1, 0, 1, 4, 1, 1, 1, 0, 1, 0], [0, 1, 1, 1, 0, 1, 0, 1, 1, 1, 0], [0, 0, 0, 1, 0, 1, 0, 2, 0, 0, 0], [0, 1, 1, 1, 1, 1, 1, 1, 1, 1, 0], [0, 1, 0, 1, 0, 0, 0, 2, 0, 1, 0], [0, 1, 0, 1, 0, 1, 0, 2, 0, 1, 0], [0, 1, 0, 1, 0, 1, 1, 2, 0, 1, 0], [0, 2, 0, 1, 0, 1, 1, 2, 0, 1, 0], [0, 1, 0, 1, 0, 1, 0, 2, 0, 1, 0], [0, 1, 0, 1, 0, 0, 0, 1, 0, 1, 0], [0, 1, 1, 1, 2, 1, 1, 1, 1, 1, 0], [0, 0, 0, 1, 0, 1, 0, 2, 0, 0, 0], [0, 1, 1, 1, 0, 1, 0, 2, 2, 2, 0], [0, 1, 0, 2, 2, 1, 2, 4, 0, 2, 0], [0, 1, 0, 0, 0, 1, 0, 0, 0, 2, 0], [0, 1, 1, 1, 1, 1, 2, 2, 2, 2, 0], [0, 0, 0, 0, 0, 0, 0, 0, 0, 0, 0]]"
2025-05-31T11:25:32.034678,0,East,1024.0,False,False,False,"[[0, 0, 0, 0, 0, 0, 0, 0, 0, 0, 0], [0, 1, 1, 1, 1, 1, 1, 1, 1, 5, 0], [0, 1, 0, 0, 0, 1, 0, 0, 0, 1, 0], [0, 1, 0, 1, 1, 4, 1, 1, 0, 1, 0], [0, 1, 1, 1, 0, 1, 0, 1, 1, 1, 0], [0, 0, 0, 1, 0, 1, 0, 2, 0, 0, 0], [0, 1, 1, 1, 1, 1, 1, 1, 1, 1, 0], [0, 1, 0, 1, 0, 0, 0, 2, 0, 1, 0], [0, 1, 0, 1, 0, 1, 0, 2, 0, 1, 0], [0, 1, 0, 1, 0, 1, 1, 2, 0, 1, 0], [0, 2, 0, 1, 0, 1, 1, 2, 0, 1, 0], [0, 1, 0, 1, 0, 1, 0, 2, 0, 1, 0], [0, 1, 0, 1, 0, 0, 0, 1, 0, 1, 0], [0, 1, 1, 1, 2, 1, 1, 1, 1, 1, 0], [0, 0, 0, 1, 0, 1, 0, 2, 0, 0, 0], [0, 1, 1, 1, 0, 1, 0, 4, 2, 2, 0], [0, 1, 0, 2, 2, 1, 2, 2, 0, 2, 0], [0, 1, 0, 0, 0, 1, 0, 0, 0, 2, 0], [0, 1, 1, 1, 1, 1, 2, 2, 2, 2, 0], [0, 0, 0, 0, 0, 0, 0, 0, 0, 0, 0]]"
2025-05-31T11:25:32.191070,0,West,1023.0,False,False,False,"[[0, 0, 0, 0, 0, 0, 0, 0, 0, 0, 0], [0, 1, 1, 1, 1, 1, 1, 1, 1, 1, 0], [0, 1, 0, 0, 0, 1, 0, 0, 0, 5, 0], [0, 1, 0, 1, 1, 1, 4, 1, 0, 1, 0], [0, 1, 1, 1, 0, 1, 0, 1, 1, 1, 0], [0, 0, 0, 1, 0, 1, 0, 2, 0, 0, 0], [0, 1, 1, 1, 1, 1, 1, 1, 1, 1, 0], [0, 1, 0, 1, 0, 0, 0, 2, 0, 1, 0], [0, 1, 0, 1, 0, 1, 0, 2, 0, 1, 0], [0, 1, 0, 1, 0, 1, 1, 2, 0, 1, 0], [0, 2, 0, 1, 0, 1, 1, 2, 0, 1, 0], [0, 1, 0, 1, 0, 1, 0, 2, 0, 1, 0], [0, 1, 0, 1, 0, 0, 0, 1, 0, 1, 0], [0, 1, 1, 1, 2, 1, 1, 1, 1, 1, 0], [0, 0, 0, 1, 0, 1, 0, 4, 0, 0, 0], [0, 1, 1, 1, 0, 1, 0, 2, 2, 2, 0], [0, 1, 0, 2, 2, 1, 2, 2, 0, 2, 0], [0, 1, 0, 0, 0, 1, 0, 0, 0, 2, 0], [0, 1, 1, 1, 1, 1, 2, 2, 2, 2, 0], [0, 0, 0, 0, 0, 0, 0, 0, 0, 0, 0]]"
2025-05-31T11:25:32.366391,0,East,1022.0,False,False,False,"[[0, 0, 0, 0, 0, 0, 0, 0, 0, 0, 0], [0, 1, 1, 1, 1, 1, 1, 1, 1, 5, 0], [0, 1, 0, 0, 0, 1, 0, 0, 0, 1, 0], [0, 1, 0, 1, 1, 1, 1, 4, 0, 1, 0], [0, 1, 1, 1, 0, 1, 0, 1, 1, 1, 0], [0, 0, 0, 1, 0, 1, 0, 2, 0, 0, 0], [0, 1, 1, 1, 1, 1, 1, 1, 1, 1, 0], [0, 1, 0, 1, 0, 0, 0, 2, 0, 1, 0], [0, 1, 0, 1, 0, 1, 0, 2, 0, 1, 0], [0, 1, 0, 1, 0, 1, 1, 2, 0, 1, 0], [0, 2, 0, 1, 0, 1, 1, 2, 0, 1, 0], [0, 1, 0, 1, 0, 1, 0, 2, 0, 1, 0], [0, 1, 0, 1, 0, 0, 0, 1, 0, 1, 0], [0, 1, 1, 1, 2, 1, 1, 4, 1, 1, 0], [0, 0, 0, 1, 0, 1, 0, 2, 0, 0, 0], [0, 1, 1, 1, 0, 1, 0, 2, 2, 2, 0], [0, 1, 0, 2, 2, 1, 2, 2, 0, 2, 0], [0, 1, 0, 0, 0, 1, 0, 0, 0, 2, 0], [0, 1, 1, 1, 1, 1, 2, 2, 2, 2, 0], [0, 0, 0, 0, 0, 0, 0, 0, 0, 0, 0]]"
2025-05-31T11:25:32.528213,0,West,1021.0,False,False,False,"[[0, 0, 0, 0, 0, 0, 0, 0, 0, 0, 0], [0, 1, 1, 1, 1, 1, 1, 1, 1, 1, 0], [0, 1, 0, 0, 0, 1, 0, 0, 0, 5, 0], [0, 1, 0, 1, 1, 1, 1, 1, 0, 1, 0], [0, 1, 1, 1, 0, 1, 0, 4, 1, 1, 0], [0, 0, 0, 1, 0, 1, 0, 2, 0, 0, 0], [0, 1, 1, 1, 1, 1, 1, 1, 1, 1, 0], [0, 1, 0, 1, 0, 0, 0, 2, 0, 1, 0], [0, 1, 0, 1, 0, 1, 0, 2, 0, 1, 0], [0, 1, 0, 1, 0, 1, 1, 2, 0, 1, 0], [0, 2, 0, 1, 0, 1, 1, 2, 0, 1, 0], [0, 1, 0, 1, 0, 1, 0, 2, 0, 1, 0], [0, 1, 0, 1, 0, 0, 0, 4, 0, 1, 0], [0, 1, 1, 1, 2, 1, 1, 1, 1, 1, 0], [0, 0, 0, 1, 0, 1, 0, 2, 0, 0, 0], [0, 1, 1, 1, 0, 1, 0, 2, 2, 2, 0], [0, 1, 0, 2, 2, 1, 2, 2, 0, 2, 0], [0, 1, 0, 0, 0, 1, 0, 0, 0, 2, 0], [0, 1, 1, 1, 1, 1, 2, 2, 2, 2, 0], [0, 0, 0, 0, 0, 0, 0, 0, 0, 0, 0]]"
2025-05-31T11:25:32.676043,0,South,1020.0,False,False,False,"[[0, 0, 0, 0, 0, 0, 0, 0, 0, 0, 0], [0, 1, 1, 1, 1, 1, 1, 1, 1, 5, 0], [0, 1, 0, 0, 0, 1, 0, 0, 0, 1, 0], [0, 1, 0, 1, 1, 1, 1, 1, 0, 1, 0], [0, 1, 1, 1, 0, 1, 0, 1, 4, 1, 0], [0, 0, 0, 1, 0, 1, 0, 2, 0, 0, 0], [0, 1, 1, 1, 1, 1, 1, 1, 1, 1, 0], [0, 1, 0, 1, 0, 0, 0, 2, 0, 1, 0], [0, 1, 0, 1, 0, 1, 0, 2, 0, 1, 0], [0, 1, 0, 1, 0, 1, 1, 2, 0, 1, 0], [0, 2, 0, 1, 0, 1, 1, 2, 0, 1, 0], [0, 1, 0, 1, 0, 1, 0, 4, 0, 1, 0], [0, 1, 0, 1, 0, 0, 0, 1, 0, 1, 0], [0, 1, 1, 1, 2, 1, 1, 1, 1, 1, 0], [0, 0, 0, 1, 0, 1, 0, 2, 0, 0, 0], [0, 1, 1, 1, 0, 1, 0, 2, 2, 2, 0], [0, 1, 0, 2, 2, 1, 2, 2, 0, 2, 0], [0, 1, 0, 0, 0, 1, 0, 0, 0, 2, 0], [0, 1, 1, 1, 1, 1, 2, 2, 2, 2, 0], [0, 0, 0, 0, 0, 0, 0, 0, 0, 0, 0]]"
2025-05-31T11:25:32.865947,0,South,1019.0,False,False,False,"[[0, 0, 0, 0, 0, 0, 0, 0, 0, 0, 0], [0, 1, 1, 1, 1, 1, 1, 1, 5, 1, 0], [0, 1, 0, 0, 0, 1, 0, 0, 0, 1, 0], [0, 1, 0, 1, 1, 1, 1, 1, 0, 1, 0], [0, 1, 1, 1, 0, 1, 0, 1, 1, 4, 0], [0, 0, 0, 1, 0, 1, 0, 2, 0, 0, 0], [0, 1, 1, 1, 1, 1, 1, 1, 1, 1, 0], [0, 1, 0, 1, 0, 0, 0, 2, 0, 1, 0], [0, 1, 0, 1, 0, 1, 0, 2, 0, 1, 0], [0, 1, 0, 1, 0, 1, 1, 2, 0, 1, 0], [0, 2, 0, 1, 0, 1, 1, 4, 0, 1, 0], [0, 1, 0, 1, 0, 1, 0, 2, 0, 1, 0], [0, 1, 0, 1, 0, 0, 0, 1, 0, 1, 0], [0, 1, 1, 1, 2, 1, 1, 1, 1, 1, 0], [0, 0, 0, 1, 0, 1, 0, 2, 0, 0, 0], [0, 1, 1, 1, 0, 1, 0, 2, 2, 2, 0], [0, 1, 0, 2, 2, 1, 2, 2, 0, 2, 0], [0, 1, 0, 0, 0, 1, 0, 0, 0, 2, 0], [0, 1, 1, 1, 1, 1, 2, 2, 2, 2, 0], [0, 0, 0, 0, 0, 0, 0, 0, 0, 0, 0]]"
2025-05-31T11:25:33.002688,0,North,1018.0,False,False,False,"[[0, 0, 0, 0, 0, 0, 0, 0, 0, 0, 0], [0, 1, 1, 1, 1, 1, 1, 5, 1, 1, 0], [0, 1, 0, 0, 0, 1, 0, 0, 0, 1, 0], [0, 1, 0, 1, 1, 1, 1, 1, 0, 4, 0], [0, 1, 1, 1, 0, 1, 0, 1, 1, 1, 0], [0, 0, 0, 1, 0, 1, 0, 2, 0, 0, 0], [0, 1, 1, 1, 1, 1, 1, 1, 1, 1, 0], [0, 1, 0, 1, 0, 0, 0, 2, 0, 1, 0], [0, 1, 0, 1, 0, 1, 0, 2, 0, 1, 0], [0, 1, 0, 1, 0, 1, 1, 4, 0, 1, 0], [0, 2, 0, 1, 0, 1, 1, 2, 0, 1, 0], [0, 1, 0, 1, 0, 1, 0, 2, 0, 1, 0], [0, 1, 0, 1, 0, 0, 0, 1, 0, 1, 0], [0, 1, 1, 1, 2, 1, 1, 1, 1, 1, 0], [0, 0, 0, 1, 0, 1, 0, 2, 0, 0, 0], [0, 1, 1, 1, 0, 1, 0, 2, 2, 2, 0], [0, 1, 0, 2, 2, 1, 2, 2, 0, 2, 0], [0, 1, 0, 0, 0, 1, 0, 0, 0, 2, 0], [0, 1, 1, 1, 1, 1, 2, 2, 2, 2, 0], [0, 0, 0, 0, 0, 0, 0, 0, 0, 0, 0]]"
2025-05-31T11:25:33.126456,0,South,1017.0,False,False,False,"[[0, 0, 0, 0, 0, 0, 0, 0, 0, 0, 0], [0, 1, 1, 1, 1, 1, 1, 1, 5, 1, 0], [0, 1, 0, 0, 0, 1, 0, 0, 0, 4, 0], [0, 1, 0, 1, 1, 1, 1, 1, 0, 1, 0], [0, 1, 1, 1, 0, 1, 0, 1, 1, 1, 0], [0, 0, 0, 1, 0, 1, 0, 2, 0, 0, 0], [0, 1, 1, 1, 1, 1, 1, 1, 1, 1, 0], [0, 1, 0, 1, 0, 0, 0, 2, 0, 1, 0], [0, 1, 0, 1, 0, 1, 0, 4, 0, 1, 0], [0, 1, 0, 1, 0, 1, 1, 2, 0, 1, 0], [0, 2, 0, 1, 0, 1, 1, 2, 0, 1, 0], [0, 1, 0, 1, 0, 1, 0, 2, 0, 1, 0], [0, 1, 0, 1, 0, 0, 0, 1, 0, 1, 0], [0, 1, 1, 1, 2, 1, 1, 1, 1, 1, 0], [0, 0, 0, 1, 0, 1, 0, 2, 0, 0, 0], [0, 1, 1, 1, 0, 1, 0, 2, 2, 2, 0], [0, 1, 0, 2, 2, 1, 2, 2, 0, 2, 0], [0, 1, 0, 0, 0, 1, 0, 0, 0, 2, 0], [0, 1, 1, 1, 1, 1, 2, 2, 2, 2, 0], [0, 0, 0, 0, 0, 0, 0, 0, 0, 0, 0]]"
2025-05-31T11:25:33.257759,0,South,1016.0,False,False,False,"[[0, 0, 0, 0, 0, 0, 0, 0, 0, 0, 0], [0, 1, 1, 1, 1, 1, 1, 5, 1, 4, 0], [0, 1, 0, 0, 0, 1, 0, 0, 0, 1, 0], [0, 1, 0, 1, 1, 1, 1, 1, 0, 1, 0], [0, 1, 1, 1, 0, 1, 0, 1, 1, 1, 0], [0, 0, 0, 1, 0, 1, 0, 2, 0, 0, 0], [0, 1, 1, 1, 1, 1, 1, 1, 1, 1, 0], [0, 1, 0, 1, 0, 0, 0, 4, 0, 1, 0], [0, 1, 0, 1, 0, 1, 0, 2, 0, 1, 0], [0, 1, 0, 1, 0, 1, 1, 2, 0, 1, 0], [0, 2, 0, 1, 0, 1, 1, 2, 0, 1, 0], [0, 1, 0, 1, 0, 1, 0, 2, 0, 1, 0], [0, 1, 0, 1, 0, 0, 0, 1, 0, 1, 0], [0, 1, 1, 1, 2, 1, 1, 1, 1, 1, 0], [0, 0, 0, 1, 0, 1, 0, 2, 0, 0, 0], [0, 1, 1, 1, 0, 1, 0, 2, 2, 2, 0], [0, 1, 0, 2, 2, 1, 2, 2, 0, 2, 0], [0, 1, 0, 0, 0, 1, 0, 0, 0, 2, 0], [0, 1, 1, 1, 1, 1, 2, 2, 2, 2, 0], [0, 0, 0, 0, 0, 0, 0, 0, 0, 0, 0]]"
2025-05-31T11:25:33.408184,0,South,1015.0,False,False,False,"[[0, 0, 0, 0, 0, 0, 0, 0, 0, 0, 0], [0, 1, 1, 1, 1, 1, 5, 1, 4, 1, 0], [0, 1, 0, 0, 0, 1, 0, 0, 0, 1, 0], [0, 1, 0, 1, 1, 1, 1, 1, 0, 1, 0], [0, 1, 1, 1, 0, 1, 0, 1, 1, 1, 0], [0, 0, 0, 1, 0, 1, 0, 2, 0, 0, 0], [0, 1, 1, 1, 1, 1, 1, 4, 1, 1, 0], [0, 1, 0, 1, 0, 0, 0, 2, 0, 1, 0], [0, 1, 0, 1, 0, 1, 0, 2, 0, 1, 0], [0, 1, 0, 1, 0, 1, 1, 2, 0, 1, 0], [0, 2, 0, 1, 0, 1, 1, 2, 0, 1, 0], [0, 1, 0, 1, 0, 1, 0, 2, 0, 1, 0], [0, 1, 0, 1, 0, 0, 0, 1, 0, 1, 0], [0, 1, 1, 1, 2, 1, 1, 1, 1, 1, 0], [0, 0, 0, 1, 0, 1, 0, 2, 0, 0, 0], [0, 1, 1, 1, 0, 1, 0, 2, 2, 2, 0], [0, 1, 0, 2, 2, 1, 2, 2, 0, 2, 0], [0, 1, 0, 0, 0, 1, 0, 0, 0, 2, 0], [0, 1, 1, 1, 1, 1, 2, 2, 2, 2, 0], [0, 0, 0, 0, 0, 0, 0, 0, 0, 0, 0]]"
2025-05-31T11:25:33.553126,0,East,1014.0,False,False,False,"[[0, 0, 0, 0, 0, 0, 0, 0, 0, 0, 0], [0, 1, 1, 1, 1, 5, 1, 4, 1, 1, 0], [0, 1, 0, 0, 0, 1, 0, 0, 0, 1, 0], [0, 1, 0, 1, 1, 1, 1, 1, 0, 1, 0], [0, 1, 1, 1, 0, 1, 0, 1, 1, 1, 0], [0, 0, 0, 1, 0, 1, 0, 2, 0, 0, 0], [0, 1, 1, 1, 1, 1, 4, 1, 1, 1, 0], [0, 1, 0, 1, 0, 0, 0, 2, 0, 1, 0], [0, 1, 0, 1, 0, 1, 0, 2, 0, 1, 0], [0, 1, 0, 1, 0, 1, 1, 2, 0, 1, 0], [0, 2, 0, 1, 0, 1, 1, 2, 0, 1, 0], [0, 1, 0, 1, 0, 1, 0, 2, 0, 1, 0], [0, 1, 0, 1, 0, 0, 0, 1, 0, 1, 0], [0, 1, 1, 1, 2, 1, 1, 1, 1, 1, 0], [0, 0, 0, 1, 0, 1, 0, 2, 0, 0, 0], [0, 1, 1, 1, 0, 1, 0, 2, 2, 2, 0], [0, 1, 0, 2, 2, 1, 2, 2, 0, 2, 0], [0, 1, 0, 0, 0, 1, 0, 0, 0, 2, 0], [0, 1, 1, 1, 1, 1, 2, 2, 2, 2, 0], [0, 0, 0, 0, 0, 0, 0, 0, 0, 0, 0]]"
2025-05-31T11:25:33.694024,0,East,1013.0,False,False,False,"[[0, 0, 0, 0, 0, 0, 0, 0, 0, 0, 0], [0, 1, 1, 1, 1, 1, 4, 1, 1, 1, 0], [0, 1, 0, 0, 0, 5, 0, 0, 0, 1, 0], [0, 1, 0, 1, 1, 1, 1, 1, 0, 1, 0], [0, 1, 1, 1, 0, 1, 0, 1, 1, 1, 0], [0, 0, 0, 1, 0, 1, 0, 2, 0, 0, 0], [0, 1, 1, 1, 1, 4, 1, 1, 1, 1, 0], [0, 1, 0, 1, 0, 0, 0, 2, 0, 1, 0], [0, 1, 0, 1, 0, 1, 0, 2, 0, 1, 0], [0, 1, 0, 1, 0, 1, 1, 2, 0, 1, 0], [0, 2, 0, 1, 0, 1, 1, 2, 0, 1, 0], [0, 1, 0, 1, 0, 1, 0, 2, 0, 1, 0], [0, 1, 0, 1, 0, 0, 0, 1, 0, 1, 0], [0, 1, 1, 1, 2, 1, 1, 1, 1, 1, 0], [0, 0, 0, 1, 0, 1, 0, 2, 0, 0, 0], [0, 1, 1, 1, 0, 1, 0, 2, 2, 2, 0], [0, 1, 0, 2, 2, 1, 2, 2, 0, 2, 0], [0, 1, 0, 0, 0, 1, 0, 0, 0, 2, 0], [0, 1, 1, 1, 1, 1, 2, 2, 2, 2, 0], [0, 0, 0, 0, 0, 0, 0, 0, 0, 0, 0]]"
2025-05-31T11:25:33.837868,0,North,1012.0,False,False,False,"[[0, 0, 0, 0, 0, 0, 0, 0, 0, 0, 0], [0, 1, 1, 1, 1, 4, 1, 1, 1, 1, 0], [0, 1, 0, 0, 0, 1, 0, 0, 0, 1, 0], [0, 1, 0, 1, 1, 5, 1, 1, 0, 1, 0], [0, 1, 1, 1, 0, 1, 0, 1, 1, 1, 0], [0, 0, 0, 1, 0, 4, 0, 2, 0, 0, 0], [0, 1, 1, 1, 1, 1, 1, 1, 1, 1, 0], [0, 1, 0, 1, 0, 0, 0, 2, 0, 1, 0], [0, 1, 0, 1, 0, 1, 0, 2, 0, 1, 0], [0, 1, 0, 1, 0, 1, 1, 2, 0, 1, 0], [0, 2, 0, 1, 0, 1, 1, 2, 0, 1, 0], [0, 1, 0, 1, 0, 1, 0, 2, 0, 1, 0], [0, 1, 0, 1, 0, 0, 0, 1, 0, 1, 0], [0, 1, 1, 1, 2, 1, 1, 1, 1, 1, 0], [0, 0, 0, 1, 0, 1, 0, 2, 0, 0, 0], [0, 1, 1, 1, 0, 1, 0, 2, 2, 2, 0], [0, 1, 0, 2, 2, 1, 2, 2, 0, 2, 0], [0, 1, 0, 0, 0, 1, 0, 0, 0, 2, 0], [0, 1, 1, 1, 1, 1, 2, 2, 2, 2, 0], [0, 0, 0, 0, 0, 0, 0, 0, 0, 0, 0]]"
2025-05-31T11:25:33.991245,0,North,1011.0,False,False,False,"[[0, 0, 0, 0, 0, 0, 0, 0, 0, 0, 0], [0, 1, 1, 1, 1, 1, 1, 1, 1, 1, 0], [0, 1, 0, 0, 0, 4, 0, 0, 0, 1, 0], [0, 1, 0, 1, 1, 1, 5, 1, 0, 1, 0], [0, 1, 1, 1, 0, 4, 0, 1, 1, 1, 0], [0, 0, 0, 1, 0, 1, 0, 2, 0, 0, 0], [0, 1, 1, 1, 1, 1, 1, 1, 1, 1, 0], [0, 1, 0, 1, 0, 0, 0, 2, 0, 1, 0], [0, 1, 0, 1, 0, 1, 0, 2, 0, 1, 0], [0, 1, 0, 1, 0, 1, 1, 2, 0, 1, 0], [0, 2, 0, 1, 0, 1, 1, 2, 0, 1, 0], [0, 1, 0, 1, 0, 1, 0, 2, 0, 1, 0], [0, 1, 0, 1, 0, 0, 0, 1, 0, 1, 0], [0, 1, 1, 1, 2, 1, 1, 1, 1, 1, 0], [0, 0, 0, 1, 0, 1, 0, 2, 0, 0, 0], [0, 1, 1, 1, 0, 1, 0, 2, 2, 2, 0], [0, 1, 0, 2, 2, 1, 2, 2, 0, 2, 0], [0, 1, 0, 0, 0, 1, 0, 0, 0, 2, 0], [0, 1, 1, 1, 1, 1, 2, 2, 2, 2, 0], [0, 0, 0, 0, 0, 0, 0, 0, 0, 0, 0]]"
2025-05-31T11:25:34.192422,0,East,1010.0,False,False,False,"[[0, 0, 0, 0, 0, 0, 0, 0, 0, 0, 0], [0, 1, 1, 1, 1, 1, 1, 1, 1, 1, 0], [0, 1, 0, 0, 0, 1, 0, 0, 0, 1, 0], [0, 1, 0, 1, 1, 4, 1, 5, 0, 1, 0], [0, 1, 1, 1, 0, 1, 0, 1, 1, 1, 0], [0, 0, 0, 1, 0, 1, 0, 2, 0, 0, 0], [0, 1, 1, 1, 1, 1, 1, 1, 1, 1, 0], [0, 1, 0, 1, 0, 0, 0, 2, 0, 1, 0], [0, 1, 0, 1, 0, 1, 0, 2, 0, 1, 0], [0, 1, 0, 1, 0, 1, 1, 2, 0, 1, 0], [0, 2, 0, 1, 0, 1, 1, 2, 0, 1, 0], [0, 1, 0, 1, 0, 1, 0, 2, 0, 1, 0], [0, 1, 0, 1, 0, 0, 0, 1, 0, 1, 0], [0, 1, 1, 1, 2, 1, 1, 1, 1, 1, 0], [0, 0, 0, 1, 0, 1, 0, 2, 0, 0, 0], [0, 1, 1, 1, 0, 1, 0, 2, 2, 2, 0], [0, 1, 0, 2, 2, 1, 2, 2, 0, 2, 0], [0, 1, 0, 0, 0, 1, 0, 0, 0, 2, 0], [0, 1, 1, 1, 1, 1, 2, 2, 2, 2, 0], [0, 0, 0, 0, 0, 0, 0, 0, 0, 0, 0]]"
2025-05-31T11:25:34.323522,0,East,1009.0,False,False,False,"[[0, 0, 0, 0, 0, 0, 0, 0, 0, 0, 0], [0, 1, 1, 1, 1, 1, 1, 1, 1, 1, 0], [0, 1, 0, 0, 0, 1, 0, 0, 0, 1, 0], [0, 1, 0, 1, 4, 1, 4, 1, 0, 1, 0], [0, 1, 1, 1, 0, 1, 0, 5, 1, 1, 0], [0, 0, 0, 1, 0, 1, 0, 2, 0, 0, 0], [0, 1, 1, 1, 1, 1, 1, 1, 1, 1, 0], [0, 1, 0, 1, 0, 0, 0, 2, 0, 1, 0], [0, 1, 0, 1, 0, 1, 0, 2, 0, 1, 0], [0, 1, 0, 1, 0, 1, 1, 2, 0, 1, 0], [0, 2, 0, 1, 0, 1, 1, 2, 0, 1, 0], [0, 1, 0, 1, 0, 1, 0, 2, 0, 1, 0], [0, 1, 0, 1, 0, 0, 0, 1, 0, 1, 0], [0, 1, 1, 1, 2, 1, 1, 1, 1, 1, 0], [0, 0, 0, 1, 0, 1, 0, 2, 0, 0, 0], [0, 1, 1, 1, 0, 1, 0, 2, 2, 2, 0], [0, 1, 0, 2, 2, 1, 2, 2, 0, 2, 0], [0, 1, 0, 0, 0, 1, 0, 0, 0, 2, 0], [0, 1, 1, 1, 1, 1, 2, 2, 2, 2, 0], [0, 0, 0, 0, 0, 0, 0, 0, 0, 0, 0]]"
2025-05-31T11:25:34.469055,0,East,1018.0,False,False,False,"[[0, 0, 0, 0, 0, 0, 0, 0, 0, 0, 0], [0, 1, 1, 1, 1, 1, 1, 1, 1, 1, 0], [0, 1, 0, 0, 0, 1, 0, 0, 0, 1, 0], [0, 1, 0, 4, 1, 1, 1, 4, 0, 1, 0], [0, 1, 1, 1, 0, 1, 0, 1, 1, 1, 0], [0, 0, 0, 1, 0, 1, 0, 5, 0, 0, 0], [0, 1, 1, 1, 1, 1, 1, 1, 1, 1, 0], [0, 1, 0, 1, 0, 0, 0, 2, 0, 1, 0], [0, 1, 0, 1, 0, 1, 0, 2, 0, 1, 0], [0, 1, 0, 1, 0, 1, 1, 2, 0, 1, 0], [0, 2, 0, 1, 0, 1, 1, 2, 0, 1, 0], [0, 1, 0, 1, 0, 1, 0, 2, 0, 1, 0], [0, 1, 0, 1, 0, 0, 0, 1, 0, 1, 0], [0, 1, 1, 1, 2, 1, 1, 1, 1, 1, 0], [0, 0, 0, 1, 0, 1, 0, 2, 0, 0, 0], [0, 1, 1, 1, 0, 1, 0, 2, 2, 2, 0], [0, 1, 0, 2, 2, 1, 2, 2, 0, 2, 0], [0, 1, 0, 0, 0, 1, 0, 0, 0, 2, 0], [0, 1, 1, 1, 1, 1, 2, 2, 2, 2, 0], [0, 0, 0, 0, 0, 0, 0, 0, 0, 0, 0]]"
2025-05-31T11:25:34.638214,0,East,1017.0,False,False,False,"[[0, 0, 0, 0, 0, 0, 0, 0, 0, 0, 0], [0, 1, 1, 1, 1, 1, 1, 1, 1, 1, 0], [0, 1, 0, 0, 0, 1, 0, 0, 0, 1, 0], [0, 1, 0, 1, 1, 1, 1, 1, 0, 1, 0], [0, 1, 1, 4, 0, 1, 0, 4, 1, 1, 0], [0, 0, 0, 1, 0, 1, 0, 1, 0, 0, 0], [0, 1, 1, 1, 1, 1, 1, 5, 1, 1, 0], [0, 1, 0, 1, 0, 0, 0, 2, 0, 1, 0], [0, 1, 0, 1, 0, 1, 0, 2, 0, 1, 0], [0, 1, 0, 1, 0, 1, 1, 2, 0, 1, 0], [0, 2, 0, 1, 0, 1, 1, 2, 0, 1, 0], [0, 1, 0, 1, 0, 1, 0, 2, 0, 1, 0], [0, 1, 0, 1, 0, 0, 0, 1, 0, 1, 0], [0, 1, 1, 1, 2, 1, 1, 1, 1, 1, 0], [0, 0, 0, 1, 0, 1, 0, 2, 0, 0, 0], [0, 1, 1, 1, 0, 1, 0, 2, 2, 2, 0], [0, 1, 0, 2, 2, 1, 2, 2, 0, 2, 0], [0, 1, 0, 0, 0, 1, 0, 0, 0, 2, 0], [0, 1, 1, 1, 1, 1, 2, 2, 2, 2, 0], [0, 0, 0, 0, 0, 0, 0, 0, 0, 0, 0]]"
2025-05-31T11:25:34.802631,0,East,1026.0,False,False,False,"[[0, 0, 0, 0, 0, 0, 0, 0, 0, 0, 0], [0, 1, 1, 1, 1, 1, 1, 1, 1, 1, 0], [0, 1, 0, 0, 0, 1, 0, 0, 0, 1, 0], [0, 1, 0, 1, 1, 1, 1, 1, 0, 1, 0], [0, 1, 1, 1, 0, 1, 0, 1, 1, 1, 0], [0, 0, 0, 4, 0, 1, 0, 4, 0, 0, 0], [0, 1, 1, 1, 1, 1, 1, 1, 1, 1, 0], [0, 1, 0, 1, 0, 0, 0, 5, 0, 1, 0], [0, 1, 0, 1, 0, 1, 0, 2, 0, 1, 0], [0, 1, 0, 1, 0, 1, 1, 2, 0, 1, 0], [0, 2, 0, 1, 0, 1, 1, 2, 0, 1, 0], [0, 1, 0, 1, 0, 1, 0, 2, 0, 1, 0], [0, 1, 0, 1, 0, 0, 0, 1, 0, 1, 0], [0, 1, 1, 1, 2, 1, 1, 1, 1, 1, 0], [0, 0, 0, 1, 0, 1, 0, 2, 0, 0, 0], [0, 1, 1, 1, 0, 1, 0, 2, 2, 2, 0], [0, 1, 0, 2, 2, 1, 2, 2, 0, 2, 0], [0, 1, 0, 0, 0, 1, 0, 0, 0, 2, 0], [0, 1, 1, 1, 1, 1, 2, 2, 2, 2, 0], [0, 0, 0, 0, 0, 0, 0, 0, 0, 0, 0]]"
2025-05-31T11:25:34.991963,0,East,1035.0,False,False,False,"[[0, 0, 0, 0, 0, 0, 0, 0, 0, 0, 0], [0, 1, 1, 1, 1, 1, 1, 1, 1, 1, 0], [0, 1, 0, 0, 0, 1, 0, 0, 0, 1, 0], [0, 1, 0, 1, 1, 1, 1, 1, 0, 1, 0], [0, 1, 1, 1, 0, 1, 0, 1, 1, 1, 0], [0, 0, 0, 1, 0, 1, 0, 1, 0, 0, 0], [0, 1, 1, 4, 1, 1, 1, 4, 1, 1, 0], [0, 1, 0, 1, 0, 0, 0, 1, 0, 1, 0], [0, 1, 0, 1, 0, 1, 0, 5, 0, 1, 0], [0, 1, 0, 1, 0, 1, 1, 2, 0, 1, 0], [0, 2, 0, 1, 0, 1, 1, 2, 0, 1, 0], [0, 1, 0, 1, 0, 1, 0, 2, 0, 1, 0], [0, 1, 0, 1, 0, 0, 0, 1, 0, 1, 0], [0, 1, 1, 1, 2, 1, 1, 1, 1, 1, 0], [0, 0, 0, 1, 0, 1, 0, 2, 0, 0, 0], [0, 1, 1, 1, 0, 1, 0, 2, 2, 2, 0], [0, 1, 0, 2, 2, 1, 2, 2, 0, 2, 0], [0, 1, 0, 0, 0, 1, 0, 0, 0, 2, 0], [0, 1, 1, 1, 1, 1, 2, 2, 2, 2, 0], [0, 0, 0, 0, 0, 0, 0, 0, 0, 0, 0]]"
2025-05-31T11:25:35.124860,0,East,1044.0,False,False,False,"[[0, 0, 0, 0, 0, 0, 0, 0, 0, 0, 0], [0, 1, 1, 1, 1, 1, 1, 1, 1, 1, 0], [0, 1, 0, 0, 0, 1, 0, 0, 0, 1, 0], [0, 1, 0, 1, 1, 1, 1, 1, 0, 1, 0], [0, 1, 1, 1, 0, 1, 0, 1, 1, 1, 0], [0, 0, 0, 1, 0, 1, 0, 1, 0, 0, 0], [0, 1, 1, 1, 1, 1, 1, 1, 1, 1, 0], [0, 1, 0, 4, 0, 0, 0, 4, 0, 1, 0], [0, 1, 0, 1, 0, 1, 0, 1, 0, 1, 0], [0, 1, 0, 1, 0, 1, 1, 5, 0, 1, 0], [0, 2, 0, 1, 0, 1, 1, 2, 0, 1, 0], [0, 1, 0, 1, 0, 1, 0, 2, 0, 1, 0], [0, 1, 0, 1, 0, 0, 0, 1, 0, 1, 0], [0, 1, 1, 1, 2, 1, 1, 1, 1, 1, 0], [0, 0, 0, 1, 0, 1, 0, 2, 0, 0, 0], [0, 1, 1, 1, 0, 1, 0, 2, 2, 2, 0], [0, 1, 0, 2, 2, 1, 2, 2, 0, 2, 0], [0, 1, 0, 0, 0, 1, 0, 0, 0, 2, 0], [0, 1, 1, 1, 1, 1, 2, 2, 2, 2, 0], [0, 0, 0, 0, 0, 0, 0, 0, 0, 0, 0]]"
2025-05-31T11:25:35.272241,0,East,1053.0,False,False,False,"[[0, 0, 0, 0, 0, 0, 0, 0, 0, 0, 0], [0, 1, 1, 1, 1, 1, 1, 1, 1, 1, 0], [0, 1, 0, 0, 0, 1, 0, 0, 0, 1, 0], [0, 1, 0, 1, 1, 1, 1, 1, 0, 1, 0], [0, 1, 1, 1, 0, 1, 0, 1, 1, 1, 0], [0, 0, 0, 1, 0, 1, 0, 1, 0, 0, 0], [0, 1, 1, 1, 1, 1, 1, 1, 1, 1, 0], [0, 1, 0, 1, 0, 0, 0, 1, 0, 1, 0], [0, 1, 0, 4, 0, 1, 0, 4, 0, 1, 0], [0, 1, 0, 1, 0, 1, 1, 1, 0, 1, 0], [0, 2, 0, 1, 0, 1, 1, 5, 0, 1, 0], [0, 1, 0, 1, 0, 1, 0, 2, 0, 1, 0], [0, 1, 0, 1, 0, 0, 0, 1, 0, 1, 0], [0, 1, 1, 1, 2, 1, 1, 1, 1, 1, 0], [0, 0, 0, 1, 0, 1, 0, 2, 0, 0, 0], [0, 1, 1, 1, 0, 1, 0, 2, 2, 2, 0], [0, 1, 0, 2, 2, 1, 2, 2, 0, 2, 0], [0, 1, 0, 0, 0, 1, 0, 0, 0, 2, 0], [0, 1, 1, 1, 1, 1, 2, 2, 2, 2, 0], [0, 0, 0, 0, 0, 0, 0, 0, 0, 0, 0]]"
2025-05-31T11:25:35.434371,0,East,1062.0,False,False,False,"[[0, 0, 0, 0, 0, 0, 0, 0, 0, 0, 0], [0, 1, 1, 1, 1, 1, 1, 1, 1, 1, 0], [0, 1, 0, 0, 0, 1, 0, 0, 0, 1, 0], [0, 1, 0, 1, 1, 1, 1, 1, 0, 1, 0], [0, 1, 1, 1, 0, 1, 0, 1, 1, 1, 0], [0, 0, 0, 1, 0, 1, 0, 1, 0, 0, 0], [0, 1, 1, 1, 1, 1, 1, 1, 1, 1, 0], [0, 1, 0, 1, 0, 0, 0, 1, 0, 1, 0], [0, 1, 0, 1, 0, 1, 0, 1, 0, 1, 0], [0, 1, 0, 4, 0, 1, 1, 4, 0, 1, 0], [0, 2, 0, 1, 0, 1, 1, 1, 0, 1, 0], [0, 1, 0, 1, 0, 1, 0, 5, 0, 1, 0], [0, 1, 0, 1, 0, 0, 0, 1, 0, 1, 0], [0, 1, 1, 1, 2, 1, 1, 1, 1, 1, 0], [0, 0, 0, 1, 0, 1, 0, 2, 0, 0, 0], [0, 1, 1, 1, 0, 1, 0, 2, 2, 2, 0], [0, 1, 0, 2, 2, 1, 2, 2, 0, 2, 0], [0, 1, 0, 0, 0, 1, 0, 0, 0, 2, 0], [0, 1, 1, 1, 1, 1, 2, 2, 2, 2, 0], [0, 0, 0, 0, 0, 0, 0, 0, 0, 0, 0]]"
2025-05-31T11:25:35.608369,0,East,1061.0,False,False,False,"[[0, 0, 0, 0, 0, 0, 0, 0, 0, 0, 0], [0, 1, 1, 1, 1, 1, 1, 1, 1, 1, 0], [0, 1, 0, 0, 0, 1, 0, 0, 0, 1, 0], [0, 1, 0, 1, 1, 1, 1, 1, 0, 1, 0], [0, 1, 1, 1, 0, 1, 0, 1, 1, 1, 0], [0, 0, 0, 1, 0, 1, 0, 1, 0, 0, 0], [0, 1, 1, 1, 1, 1, 1, 1, 1, 1, 0], [0, 1, 0, 1, 0, 0, 0, 1, 0, 1, 0], [0, 1, 0, 1, 0, 1, 0, 1, 0, 1, 0], [0, 1, 0, 1, 0, 1, 1, 1, 0, 1, 0], [0, 2, 0, 4, 0, 1, 1, 4, 0, 1, 0], [0, 1, 0, 1, 0, 1, 0, 1, 0, 1, 0], [0, 1, 0, 1, 0, 0, 0, 5, 0, 1, 0], [0, 1, 1, 1, 2, 1, 1, 1, 1, 1, 0], [0, 0, 0, 1, 0, 1, 0, 2, 0, 0, 0], [0, 1, 1, 1, 0, 1, 0, 2, 2, 2, 0], [0, 1, 0, 2, 2, 1, 2, 2, 0, 2, 0], [0, 1, 0, 0, 0, 1, 0, 0, 0, 2, 0], [0, 1, 1, 1, 1, 1, 2, 2, 2, 2, 0], [0, 0, 0, 0, 0, 0, 0, 0, 0, 0, 0]]"
2025-05-31T11:25:35.757092,0,East,1060.0,False,False,False,"[[0, 0, 0, 0, 0, 0, 0, 0, 0, 0, 0], [0, 1, 1, 1, 1, 1, 1, 1, 1, 1, 0], [0, 1, 0, 0, 0, 1, 0, 0, 0, 1, 0], [0, 1, 0, 1, 1, 1, 1, 1, 0, 1, 0], [0, 1, 1, 1, 0, 1, 0, 1, 1, 1, 0], [0, 0, 0, 1, 0, 1, 0, 1, 0, 0, 0], [0, 1, 1, 1, 1, 1, 1, 1, 1, 1, 0], [0, 1, 0, 1, 0, 0, 0, 1, 0, 1, 0], [0, 1, 0, 1, 0, 1, 0, 1, 0, 1, 0], [0, 1, 0, 1, 0, 1, 1, 1, 0, 1, 0], [0, 2, 0, 1, 0, 1, 1, 1, 0, 1, 0], [0, 1, 0, 4, 0, 1, 0, 4, 0, 1, 0], [0, 1, 0, 1, 0, 0, 0, 1, 0, 1, 0], [0, 1, 1, 1, 2, 1, 1, 5, 1, 1, 0], [0, 0, 0, 1, 0, 1, 0, 2, 0, 0, 0], [0, 1, 1, 1, 0, 1, 0, 2, 2, 2, 0], [0, 1, 0, 2, 2, 1, 2, 2, 0, 2, 0], [0, 1, 0, 0, 0, 1, 0, 0, 0, 2, 0], [0, 1, 1, 1, 1, 1, 2, 2, 2, 2, 0], [0, 0, 0, 0, 0, 0, 0, 0, 0, 0, 0]]"
2025-05-31T11:25:35.979014,0,East,1069.0,False,False,False,"[[0, 0, 0, 0, 0, 0, 0, 0, 0, 0, 0], [0, 1, 1, 1, 1, 1, 1, 1, 1, 1, 0], [0, 1, 0, 0, 0, 1, 0, 0, 0, 1, 0], [0, 1, 0, 1, 1, 1, 1, 1, 0, 1, 0], [0, 1, 1, 1, 0, 1, 0, 1, 1, 1, 0], [0, 0, 0, 1, 0, 1, 0, 1, 0, 0, 0], [0, 1, 1, 1, 1, 1, 1, 1, 1, 1, 0], [0, 1, 0, 1, 0, 0, 0, 1, 0, 1, 0], [0, 1, 0, 1, 0, 1, 0, 1, 0, 1, 0], [0, 1, 0, 1, 0, 1, 1, 1, 0, 1, 0], [0, 2, 0, 1, 0, 1, 1, 1, 0, 1, 0], [0, 1, 0, 1, 0, 1, 0, 1, 0, 1, 0], [0, 1, 0, 4, 0, 0, 0, 4, 0, 1, 0], [0, 1, 1, 1, 2, 1, 1, 1, 1, 1, 0], [0, 0, 0, 1, 0, 1, 0, 5, 0, 0, 0], [0, 1, 1, 1, 0, 1, 0, 2, 2, 2, 0], [0, 1, 0, 2, 2, 1, 2, 2, 0, 2, 0], [0, 1, 0, 0, 0, 1, 0, 0, 0, 2, 0], [0, 1, 1, 1, 1, 1, 2, 2, 2, 2, 0], [0, 0, 0, 0, 0, 0, 0, 0, 0, 0, 0]]"
2025-05-31T11:25:36.189980,0,North,1078.0,False,False,False,"[[0, 0, 0, 0, 0, 0, 0, 0, 0, 0, 0], [0, 1, 1, 1, 1, 1, 1, 1, 1, 1, 0], [0, 1, 0, 0, 0, 1, 0, 0, 0, 1, 0], [0, 1, 0, 1, 1, 1, 1, 1, 0, 1, 0], [0, 1, 1, 1, 0, 1, 0, 1, 1, 1, 0], [0, 0, 0, 1, 0, 1, 0, 1, 0, 0, 0], [0, 1, 1, 1, 1, 1, 1, 1, 1, 1, 0], [0, 1, 0, 1, 0, 0, 0, 1, 0, 1, 0], [0, 1, 0, 1, 0, 1, 0, 1, 0, 1, 0], [0, 1, 0, 1, 0, 1, 1, 1, 0, 1, 0], [0, 2, 0, 1, 0, 1, 1, 1, 0, 1, 0], [0, 1, 0, 1, 0, 1, 0, 1, 0, 1, 0], [0, 1, 0, 1, 0, 0, 0, 1, 0, 1, 0], [0, 1, 1, 4, 2, 1, 1, 4, 1, 1, 0], [0, 0, 0, 1, 0, 1, 0, 1, 0, 0, 0], [0, 1, 1, 1, 0, 1, 0, 5, 2, 2, 0], [0, 1, 0, 2, 2, 1, 2, 2, 0, 2, 0], [0, 1, 0, 0, 0, 1, 0, 0, 0, 2, 0], [0, 1, 1, 1, 1, 1, 2, 2, 2, 2, 0], [0, 0, 0, 0, 0, 0, 0, 0, 0, 0, 0]]"
2025-05-31T11:25:36.316867,0,North,1087.0,False,False,False,"[[0, 0, 0, 0, 0, 0, 0, 0, 0, 0, 0], [0, 1, 1, 1, 1, 1, 1, 1, 1, 1, 0], [0, 1, 0, 0, 0, 1, 0, 0, 0, 1, 0], [0, 1, 0, 1, 1, 1, 1, 1, 0, 1, 0], [0, 1, 1, 1, 0, 1, 0, 1, 1, 1, 0], [0, 0, 0, 1, 0, 1, 0, 1, 0, 0, 0], [0, 1, 1, 1, 1, 1, 1, 1, 1, 1, 0], [0, 1, 0, 1, 0, 0, 0, 1, 0, 1, 0], [0, 1, 0, 1, 0, 1, 0, 1, 0, 1, 0], [0, 1, 0, 1, 0, 1, 1, 1, 0, 1, 0], [0, 2, 0, 1, 0, 1, 1, 1, 0, 1, 0], [0, 1, 0, 1, 0, 1, 0, 1, 0, 1, 0], [0, 1, 0, 1, 0, 0, 0, 1, 0, 1, 0], [0, 1, 1, 1, 2, 1, 1, 1, 1, 1, 0], [0, 0, 0, 4, 0, 1, 0, 4, 0, 0, 0], [0, 1, 1, 1, 0, 1, 0, 1, 5, 2, 0], [0, 1, 0, 2, 2, 1, 2, 2, 0, 2, 0], [0, 1, 0, 0, 0, 1, 0, 0, 0, 2, 0], [0, 1, 1, 1, 1, 1, 2, 2, 2, 2, 0], [0, 0, 0, 0, 0, 0, 0, 0, 0, 0, 0]]"
2025-05-31T11:25:36.485395,0,East,1096.0,False,False,False,"[[0, 0, 0, 0, 0, 0, 0, 0, 0, 0, 0], [0, 1, 1, 1, 1, 1, 1, 1, 1, 1, 0], [0, 1, 0, 0, 0, 1, 0, 0, 0, 1, 0], [0, 1, 0, 1, 1, 1, 1, 1, 0, 1, 0], [0, 1, 1, 1, 0, 1, 0, 1, 1, 1, 0], [0, 0, 0, 1, 0, 1, 0, 1, 0, 0, 0], [0, 1, 1, 1, 1, 1, 1, 1, 1, 1, 0], [0, 1, 0, 1, 0, 0, 0, 1, 0, 1, 0], [0, 1, 0, 1, 0, 1, 0, 1, 0, 1, 0], [0, 1, 0, 1, 0, 1, 1, 1, 0, 1, 0], [0, 2, 0, 1, 0, 1, 1, 1, 0, 1, 0], [0, 1, 0, 1, 0, 1, 0, 1, 0, 1, 0], [0, 1, 0, 1, 0, 0, 0, 1, 0, 1, 0], [0, 1, 1, 1, 2, 1, 1, 1, 1, 1, 0], [0, 0, 0, 1, 0, 1, 0, 1, 0, 0, 0], [0, 1, 1, 4, 0, 1, 0, 4, 1, 5, 0], [0, 1, 0, 2, 2, 1, 2, 2, 0, 2, 0], [0, 1, 0, 0, 0, 1, 0, 0, 0, 2, 0], [0, 1, 1, 1, 1, 1, 2, 2, 2, 2, 0], [0, 0, 0, 0, 0, 0, 0, 0, 0, 0, 0]]"
2025-05-31T11:25:36.605727,0,East,1105.0,False,False,False,"[[0, 0, 0, 0, 0, 0, 0, 0, 0, 0, 0], [0, 1, 1, 1, 1, 1, 1, 1, 1, 1, 0], [0, 1, 0, 0, 0, 1, 0, 0, 0, 1, 0], [0, 1, 0, 1, 1, 1, 1, 1, 0, 1, 0], [0, 1, 1, 1, 0, 1, 0, 1, 1, 1, 0], [0, 0, 0, 1, 0, 1, 0, 1, 0, 0, 0], [0, 1, 1, 1, 1, 1, 1, 1, 1, 1, 0], [0, 1, 0, 1, 0, 0, 0, 1, 0, 1, 0], [0, 1, 0, 1, 0, 1, 0, 1, 0, 1, 0], [0, 1, 0, 1, 0, 1, 1, 1, 0, 1, 0], [0, 2, 0, 1, 0, 1, 1, 1, 0, 1, 0], [0, 1, 0, 1, 0, 1, 0, 1, 0, 1, 0], [0, 1, 0, 1, 0, 0, 0, 1, 0, 1, 0], [0, 1, 1, 1, 2, 1, 1, 1, 1, 1, 0], [0, 0, 0, 1, 0, 1, 0, 1, 0, 0, 0], [0, 1, 1, 1, 0, 1, 0, 1, 4, 1, 0], [0, 1, 0, 4, 2, 1, 2, 2, 0, 5, 0], [0, 1, 0, 0, 0, 1, 0, 0, 0, 2, 0], [0, 1, 1, 1, 1, 1, 2, 2, 2, 2, 0], [0, 0, 0, 0, 0, 0, 0, 0, 0, 0, 0]]"
2025-05-31T11:25:36.733953,0,East,1114.0,False,False,False,"[[0, 0, 0, 0, 0, 0, 0, 0, 0, 0, 0], [0, 1, 1, 1, 1, 1, 1, 1, 1, 1, 0], [0, 1, 0, 0, 0, 1, 0, 0, 0, 1, 0], [0, 1, 0, 1, 1, 1, 1, 1, 0, 1, 0], [0, 1, 1, 1, 0, 1, 0, 1, 1, 1, 0], [0, 0, 0, 1, 0, 1, 0, 1, 0, 0, 0], [0, 1, 1, 1, 1, 1, 1, 1, 1, 1, 0], [0, 1, 0, 1, 0, 0, 0, 1, 0, 1, 0], [0, 1, 0, 1, 0, 1, 0, 1, 0, 1, 0], [0, 1, 0, 1, 0, 1, 1, 1, 0, 1, 0], [0, 2, 0, 1, 0, 1, 1, 1, 0, 1, 0], [0, 1, 0, 1, 0, 1, 0, 1, 0, 1, 0], [0, 1, 0, 1, 0, 0, 0, 1, 0, 1, 0], [0, 1, 1, 1, 2, 1, 1, 1, 1, 1, 0], [0, 0, 0, 1, 0, 1, 0, 1, 0, 0, 0], [0, 1, 1, 1, 0, 1, 0, 1, 1, 4, 0], [0, 1, 0, 2, 4, 1, 2, 2, 0, 1, 0], [0, 1, 0, 0, 0, 1, 0, 0, 0, 5, 0], [0, 1, 1, 1, 1, 1, 2, 2, 2, 2, 0], [0, 0, 0, 0, 0, 0, 0, 0, 0, 0, 0]]"
2025-05-31T11:25:36.860854,0,South,1123.0,False,False,False,"[[0, 0, 0, 0, 0, 0, 0, 0, 0, 0, 0], [0, 1, 1, 1, 1, 1, 1, 1, 1, 1, 0], [0, 1, 0, 0, 0, 1, 0, 0, 0, 1, 0], [0, 1, 0, 1, 1, 1, 1, 1, 0, 1, 0], [0, 1, 1, 1, 0, 1, 0, 1, 1, 1, 0], [0, 0, 0, 1, 0, 1, 0, 1, 0, 0, 0], [0, 1, 1, 1, 1, 1, 1, 1, 1, 1, 0], [0, 1, 0, 1, 0, 0, 0, 1, 0, 1, 0], [0, 1, 0, 1, 0, 1, 0, 1, 0, 1, 0], [0, 1, 0, 1, 0, 1, 1, 1, 0, 1, 0], [0, 2, 0, 1, 0, 1, 1, 1, 0, 1, 0], [0, 1, 0, 1, 0, 1, 0, 1, 0, 1, 0], [0, 1, 0, 1, 0, 0, 0, 1, 0, 1, 0], [0, 1, 1, 1, 2, 1, 1, 1, 1, 1, 0], [0, 0, 0, 1, 0, 1, 0, 1, 0, 0, 0], [0, 1, 1, 1, 0, 1, 0, 1, 1, 1, 0], [0, 1, 0, 2, 2, 4, 2, 2, 0, 4, 0], [0, 1, 0, 0, 0, 1, 0, 0, 0, 1, 0], [0, 1, 1, 1, 1, 1, 2, 2, 2, 5, 0], [0, 0, 0, 0, 0, 0, 0, 0, 0, 0, 0]]"
2025-05-31T11:25:36.984179,0,South,1132.0,False,False,False,"[[0, 0, 0, 0, 0, 0, 0, 0, 0, 0, 0], [0, 1, 1, 1, 1, 1, 1, 1, 1, 1, 0], [0, 1, 0, 0, 0, 1, 0, 0, 0, 1, 0], [0, 1, 0, 1, 1, 1, 1, 1, 0, 1, 0], [0, 1, 1, 1, 0, 1, 0, 1, 1, 1, 0], [0, 0, 0, 1, 0, 1, 0, 1, 0, 0, 0], [0, 1, 1, 1, 1, 1, 1, 1, 1, 1, 0], [0, 1, 0, 1, 0, 0, 0, 1, 0, 1, 0], [0, 1, 0, 1, 0, 1, 0, 1, 0, 1, 0], [0, 1, 0, 1, 0, 1, 1, 1, 0, 1, 0], [0, 2, 0, 1, 0, 1, 1, 1, 0, 1, 0], [0, 1, 0, 1, 0, 1, 0, 1, 0, 1, 0], [0, 1, 0, 1, 0, 0, 0, 1, 0, 1, 0], [0, 1, 1, 1, 2, 1, 1, 1, 1, 1, 0], [0, 0, 0, 1, 0, 1, 0, 1, 0, 0, 0], [0, 1, 1, 1, 0, 1, 0, 1, 1, 1, 0], [0, 1, 0, 2, 2, 1, 4, 2, 0, 1, 0], [0, 1, 0, 0, 0, 1, 0, 0, 0, 4, 0], [0, 1, 1, 1, 1, 1, 2, 2, 5, 1, 0], [0, 0, 0, 0, 0, 0, 0, 0, 0, 0, 0]]"
2025-05-31T11:25:37.110413,0,South,1141.0,False,False,False,"[[0, 0, 0, 0, 0, 0, 0, 0, 0, 0, 0], [0, 1, 1, 1, 1, 1, 1, 1, 1, 1, 0], [0, 1, 0, 0, 0, 1, 0, 0, 0, 1, 0], [0, 1, 0, 1, 1, 1, 1, 1, 0, 1, 0], [0, 1, 1, 1, 0, 1, 0, 1, 1, 1, 0], [0, 0, 0, 1, 0, 1, 0, 1, 0, 0, 0], [0, 1, 1, 1, 1, 1, 1, 1, 1, 1, 0], [0, 1, 0, 1, 0, 0, 0, 1, 0, 1, 0], [0, 1, 0, 1, 0, 1, 0, 1, 0, 1, 0], [0, 1, 0, 1, 0, 1, 1, 1, 0, 1, 0], [0, 2, 0, 1, 0, 1, 1, 1, 0, 1, 0], [0, 1, 0, 1, 0, 1, 0, 1, 0, 1, 0], [0, 1, 0, 1, 0, 0, 0, 1, 0, 1, 0], [0, 1, 1, 1, 2, 1, 1, 1, 1, 1, 0], [0, 0, 0, 1, 0, 1, 0, 1, 0, 0, 0], [0, 1, 1, 1, 0, 1, 0, 1, 1, 1, 0], [0, 1, 0, 2, 2, 1, 2, 4, 0, 1, 0], [0, 1, 0, 0, 0, 1, 0, 0, 0, 1, 0], [0, 1, 1, 1, 1, 1, 2, 5, 1, 4, 0], [0, 0, 0, 0, 0, 0, 0, 0, 0, 0, 0]]"
2025-05-31T11:25:37.253414,0,South,1150.0,False,False,False,"[[0, 0, 0, 0, 0, 0, 0, 0, 0, 0, 0], [0, 1, 1, 1, 1, 1, 1, 1, 1, 1, 0], [0, 1, 0, 0, 0, 1, 0, 0, 0, 1, 0], [0, 1, 0, 1, 1, 1, 1, 1, 0, 1, 0], [0, 1, 1, 1, 0, 1, 0, 1, 1, 1, 0], [0, 0, 0, 1, 0, 1, 0, 1, 0, 0, 0], [0, 1, 1, 1, 1, 1, 1, 1, 1, 1, 0], [0, 1, 0, 1, 0, 0, 0, 1, 0, 1, 0], [0, 1, 0, 1, 0, 1, 0, 1, 0, 1, 0], [0, 1, 0, 1, 0, 1, 1, 1, 0, 1, 0], [0, 2, 0, 1, 0, 1, 1, 1, 0, 1, 0], [0, 1, 0, 1, 0, 1, 0, 1, 0, 1, 0], [0, 1, 0, 1, 0, 0, 0, 1, 0, 1, 0], [0, 1, 1, 1, 2, 1, 1, 1, 1, 1, 0], [0, 0, 0, 1, 0, 1, 0, 1, 0, 0, 0], [0, 1, 1, 1, 0, 1, 0, 4, 1, 1, 0], [0, 1, 0, 2, 2, 1, 2, 2, 0, 1, 0], [0, 1, 0, 0, 0, 1, 0, 0, 0, 1, 0], [0, 1, 1, 1, 1, 1, 5, 1, 4, 1, 0], [0, 0, 0, 0, 0, 0, 0, 0, 0, 0, 0]]"
2025-05-31T11:25:37.395413,0,West,1149.0,False,False,False,"[[0, 0, 0, 0, 0, 0, 0, 0, 0, 0, 0], [0, 1, 1, 1, 1, 1, 1, 1, 1, 1, 0], [0, 1, 0, 0, 0, 1, 0, 0, 0, 1, 0], [0, 1, 0, 1, 1, 1, 1, 1, 0, 1, 0], [0, 1, 1, 1, 0, 1, 0, 1, 1, 1, 0], [0, 0, 0, 1, 0, 1, 0, 1, 0, 0, 0], [0, 1, 1, 1, 1, 1, 1, 1, 1, 1, 0], [0, 1, 0, 1, 0, 0, 0, 1, 0, 1, 0], [0, 1, 0, 1, 0, 1, 0, 1, 0, 1, 0], [0, 1, 0, 1, 0, 1, 1, 1, 0, 1, 0], [0, 2, 0, 1, 0, 1, 1, 1, 0, 1, 0], [0, 1, 0, 1, 0, 1, 0, 1, 0, 1, 0], [0, 1, 0, 1, 0, 0, 0, 1, 0, 1, 0], [0, 1, 1, 1, 2, 1, 1, 1, 1, 1, 0], [0, 0, 0, 1, 0, 1, 0, 4, 0, 0, 0], [0, 1, 1, 1, 0, 1, 0, 1, 1, 1, 0], [0, 1, 0, 2, 2, 1, 2, 2, 0, 1, 0], [0, 1, 0, 0, 0, 1, 0, 0, 0, 1, 0], [0, 1, 1, 1, 1, 5, 1, 4, 1, 1, 0], [0, 0, 0, 0, 0, 0, 0, 0, 0, 0, 0]]"
2025-05-31T11:25:37.554300,0,West,1148.0,False,False,False,"[[0, 0, 0, 0, 0, 0, 0, 0, 0, 0, 0], [0, 1, 1, 1, 1, 1, 1, 1, 1, 1, 0], [0, 1, 0, 0, 0, 1, 0, 0, 0, 1, 0], [0, 1, 0, 1, 1, 1, 1, 1, 0, 1, 0], [0, 1, 1, 1, 0, 1, 0, 1, 1, 1, 0], [0, 0, 0, 1, 0, 1, 0, 1, 0, 0, 0], [0, 1, 1, 1, 1, 1, 1, 1, 1, 1, 0], [0, 1, 0, 1, 0, 0, 0, 1, 0, 1, 0], [0, 1, 0, 1, 0, 1, 0, 1, 0, 1, 0], [0, 1, 0, 1, 0, 1, 1, 1, 0, 1, 0], [0, 2, 0, 1, 0, 1, 1, 1, 0, 1, 0], [0, 1, 0, 1, 0, 1, 0, 1, 0, 1, 0], [0, 1, 0, 1, 0, 0, 0, 1, 0, 1, 0], [0, 1, 1, 1, 2, 1, 1, 4, 1, 1, 0], [0, 0, 0, 1, 0, 1, 0, 1, 0, 0, 0], [0, 1, 1, 1, 0, 1, 0, 1, 1, 1, 0], [0, 1, 0, 2, 2, 1, 2, 2, 0, 1, 0], [0, 1, 0, 0, 0, 5, 0, 0, 0, 1, 0], [0, 1, 1, 1, 1, 1, 4, 1, 1, 1, 0], [0, 0, 0, 0, 0, 0, 0, 0, 0, 0, 0]]"
2025-05-31T11:25:37.733914,0,North,1147.0,False,False,False,"[[0, 0, 0, 0, 0, 0, 0, 0, 0, 0, 0], [0, 1, 1, 1, 1, 1, 1, 1, 1, 1, 0], [0, 1, 0, 0, 0, 1, 0, 0, 0, 1, 0], [0, 1, 0, 1, 1, 1, 1, 1, 0, 1, 0], [0, 1, 1, 1, 0, 1, 0, 1, 1, 1, 0], [0, 0, 0, 1, 0, 1, 0, 1, 0, 0, 0], [0, 1, 1, 1, 1, 1, 1, 1, 1, 1, 0], [0, 1, 0, 1, 0, 0, 0, 1, 0, 1, 0], [0, 1, 0, 1, 0, 1, 0, 1, 0, 1, 0], [0, 1, 0, 1, 0, 1, 1, 1, 0, 1, 0], [0, 2, 0, 1, 0, 1, 1, 1, 0, 1, 0], [0, 1, 0, 1, 0, 1, 0, 1, 0, 1, 0], [0, 1, 0, 1, 0, 0, 0, 1, 0, 1, 0], [0, 1, 1, 1, 2, 1, 4, 1, 1, 1, 0], [0, 0, 0, 1, 0, 1, 0, 1, 0, 0, 0], [0, 1, 1, 1, 0, 1, 0, 1, 1, 1, 0], [0, 1, 0, 2, 2, 5, 2, 2, 0, 1, 0], [0, 1, 0, 0, 0, 1, 0, 0, 0, 1, 0], [0, 1, 1, 1, 1, 4, 1, 1, 1, 1, 0], [0, 0, 0, 0, 0, 0, 0, 0, 0, 0, 0]]"
2025-05-31T11:25:37.881711,0,North,1156.0,False,False,False,"[[0, 0, 0, 0, 0, 0, 0, 0, 0, 0, 0], [0, 1, 1, 1, 1, 1, 1, 1, 1, 1, 0], [0, 1, 0, 0, 0, 1, 0, 0, 0, 1, 0], [0, 1, 0, 1, 1, 1, 1, 1, 0, 1, 0], [0, 1, 1, 1, 0, 1, 0, 1, 1, 1, 0], [0, 0, 0, 1, 0, 1, 0, 1, 0, 0, 0], [0, 1, 1, 1, 1, 1, 1, 1, 1, 1, 0], [0, 1, 0, 1, 0, 0, 0, 1, 0, 1, 0], [0, 1, 0, 1, 0, 1, 0, 1, 0, 1, 0], [0, 1, 0, 1, 0, 1, 1, 1, 0, 1, 0], [0, 2, 0, 1, 0, 1, 1, 1, 0, 1, 0], [0, 1, 0, 1, 0, 1, 0, 1, 0, 1, 0], [0, 1, 0, 1, 0, 0, 0, 1, 0, 1, 0], [0, 1, 1, 1, 2, 4, 1, 1, 1, 1, 0], [0, 0, 0, 1, 0, 1, 0, 1, 0, 0, 0], [0, 1, 1, 1, 0, 1, 0, 1, 1, 1, 0], [0, 1, 0, 2, 2, 1, 5, 2, 0, 1, 0], [0, 1, 0, 0, 0, 4, 0, 0, 0, 1, 0], [0, 1, 1, 1, 1, 1, 1, 1, 1, 1, 0], [0, 0, 0, 0, 0, 0, 0, 0, 0, 0, 0]]"
2025-05-31T11:25:38.045709,0,West,1165.0,False,False,False,"[[0, 0, 0, 0, 0, 0, 0, 0, 0, 0, 0], [0, 1, 1, 1, 1, 1, 1, 1, 1, 1, 0], [0, 1, 0, 0, 0, 1, 0, 0, 0, 1, 0], [0, 1, 0, 1, 1, 1, 1, 1, 0, 1, 0], [0, 1, 1, 1, 0, 1, 0, 1, 1, 1, 0], [0, 0, 0, 1, 0, 1, 0, 1, 0, 0, 0], [0, 1, 1, 1, 1, 1, 1, 1, 1, 1, 0], [0, 1, 0, 1, 0, 0, 0, 1, 0, 1, 0], [0, 1, 0, 1, 0, 1, 0, 1, 0, 1, 0], [0, 1, 0, 1, 0, 1, 1, 1, 0, 1, 0], [0, 2, 0, 1, 0, 1, 1, 1, 0, 1, 0], [0, 1, 0, 1, 0, 1, 0, 1, 0, 1, 0], [0, 1, 0, 1, 0, 0, 0, 1, 0, 1, 0], [0, 1, 1, 1, 2, 1, 1, 1, 1, 1, 0], [0, 0, 0, 1, 0, 4, 0, 1, 0, 0, 0], [0, 1, 1, 1, 0, 1, 0, 1, 1, 1, 0], [0, 1, 0, 2, 2, 4, 1, 5, 0, 1, 0], [0, 1, 0, 0, 0, 1, 0, 0, 0, 1, 0], [0, 1, 1, 1, 1, 1, 1, 1, 1, 1, 0], [0, 0, 0, 0, 0, 0, 0, 0, 0, 0, 0]]"
2025-05-31T11:25:38.207023,0,West,1164.0,False,False,False,"[[0, 0, 0, 0, 0, 0, 0, 0, 0, 0, 0], [0, 1, 1, 1, 1, 1, 1, 1, 1, 1, 0], [0, 1, 0, 0, 0, 1, 0, 0, 0, 1, 0], [0, 1, 0, 1, 1, 1, 1, 1, 0, 1, 0], [0, 1, 1, 1, 0, 1, 0, 1, 1, 1, 0], [0, 0, 0, 1, 0, 1, 0, 1, 0, 0, 0], [0, 1, 1, 1, 1, 1, 1, 1, 1, 1, 0], [0, 1, 0, 1, 0, 0, 0, 1, 0, 1, 0], [0, 1, 0, 1, 0, 1, 0, 1, 0, 1, 0], [0, 1, 0, 1, 0, 1, 1, 1, 0, 1, 0], [0, 2, 0, 1, 0, 1, 1, 1, 0, 1, 0], [0, 1, 0, 1, 0, 1, 0, 1, 0, 1, 0], [0, 1, 0, 1, 0, 0, 0, 1, 0, 1, 0], [0, 1, 1, 1, 2, 1, 1, 1, 1, 1, 0], [0, 0, 0, 1, 0, 1, 0, 1, 0, 0, 0], [0, 1, 1, 1, 0, 4, 0, 5, 1, 1, 0], [0, 1, 0, 2, 2, 1, 1, 1, 0, 1, 0], [0, 1, 0, 0, 0, 1, 0, 0, 0, 1, 0], [0, 1, 1, 1, 1, 1, 1, 1, 1, 1, 0], [0, 0, 0, 0, 0, 0, 0, 0, 0, 0, 0]]"
2025-05-31T11:25:38.467503,0,East,1163.0,False,False,False,"[[0, 0, 0, 0, 0, 0, 0, 0, 0, 0, 0], [0, 1, 1, 1, 1, 1, 1, 1, 1, 1, 0], [0, 1, 0, 0, 0, 1, 0, 0, 0, 1, 0], [0, 1, 0, 1, 1, 1, 1, 1, 0, 1, 0], [0, 1, 1, 1, 0, 1, 0, 1, 1, 1, 0], [0, 0, 0, 1, 0, 1, 0, 1, 0, 0, 0], [0, 1, 1, 1, 1, 1, 1, 1, 1, 1, 0], [0, 1, 0, 1, 0, 0, 0, 1, 0, 1, 0], [0, 1, 0, 1, 0, 1, 0, 1, 0, 1, 0], [0, 1, 0, 1, 0, 1, 1, 1, 0, 1, 0], [0, 2, 0, 1, 0, 1, 1, 1, 0, 1, 0], [0, 1, 0, 1, 0, 1, 0, 1, 0, 1, 0], [0, 1, 0, 1, 0, 0, 0, 1, 0, 1, 0], [0, 1, 1, 1, 2, 1, 1, 1, 1, 1, 0], [0, 0, 0, 1, 0, 4, 0, 5, 0, 0, 0], [0, 1, 1, 1, 0, 1, 0, 1, 1, 1, 0], [0, 1, 0, 2, 2, 4, 1, 1, 0, 1, 0], [0, 1, 0, 0, 0, 1, 0, 0, 0, 1, 0], [0, 1, 1, 1, 1, 1, 1, 1, 1, 1, 0], [0, 0, 0, 0, 0, 0, 0, 0, 0, 0, 0]]"
2025-05-31T11:25:38.604330,0,North,1162.0,False,False,False,"[[0, 0, 0, 0, 0, 0, 0, 0, 0, 0, 0], [0, 1, 1, 1, 1, 1, 1, 1, 1, 1, 0], [0, 1, 0, 0, 0, 1, 0, 0, 0, 1, 0], [0, 1, 0, 1, 1, 1, 1, 1, 0, 1, 0], [0, 1, 1, 1, 0, 1, 0, 1, 1, 1, 0], [0, 0, 0, 1, 0, 1, 0, 1, 0, 0, 0], [0, 1, 1, 1, 1, 1, 1, 1, 1, 1, 0], [0, 1, 0, 1, 0, 0, 0, 1, 0, 1, 0], [0, 1, 0, 1, 0, 1, 0, 1, 0, 1, 0], [0, 1, 0, 1, 0, 1, 1, 1, 0, 1, 0], [0, 2, 0, 1, 0, 1, 1, 1, 0, 1, 0], [0, 1, 0, 1, 0, 1, 0, 1, 0, 1, 0], [0, 1, 0, 1, 0, 0, 0, 1, 0, 1, 0], [0, 1, 1, 1, 2, 4, 1, 1, 1, 1, 0], [0, 0, 0, 1, 0, 1, 0, 1, 0, 0, 0], [0, 1, 1, 1, 0, 1, 0, 5, 1, 1, 0], [0, 1, 0, 2, 2, 1, 4, 1, 0, 1, 0], [0, 1, 0, 0, 0, 1, 0, 0, 0, 1, 0], [0, 1, 1, 1, 1, 1, 1, 1, 1, 1, 0], [0, 0, 0, 0, 0, 0, 0, 0, 0, 0, 0]]"
2025-05-31T11:25:38.756565,0,North,1161.0,False,False,False,"[[0, 0, 0, 0, 0, 0, 0, 0, 0, 0, 0], [0, 1, 1, 1, 1, 1, 1, 1, 1, 1, 0], [0, 1, 0, 0, 0, 1, 0, 0, 0, 1, 0], [0, 1, 0, 1, 1, 1, 1, 1, 0, 1, 0], [0, 1, 1, 1, 0, 1, 0, 1, 1, 1, 0], [0, 0, 0, 1, 0, 1, 0, 1, 0, 0, 0], [0, 1, 1, 1, 1, 1, 1, 1, 1, 1, 0], [0, 1, 0, 1, 0, 0, 0, 1, 0, 1, 0], [0, 1, 0, 1, 0, 1, 0, 1, 0, 1, 0], [0, 1, 0, 1, 0, 1, 1, 1, 0, 1, 0], [0, 2, 0, 1, 0, 1, 1, 1, 0, 1, 0], [0, 1, 0, 1, 0, 1, 0, 1, 0, 1, 0], [0, 1, 0, 1, 0, 0, 0, 1, 0, 1, 0], [0, 1, 1, 1, 2, 1, 4, 1, 1, 1, 0], [0, 0, 0, 1, 0, 1, 0, 1, 0, 0, 0], [0, 1, 1, 1, 0, 1, 0, 1, 5, 1, 0], [0, 1, 0, 2, 2, 1, 1, 4, 0, 1, 0], [0, 1, 0, 0, 0, 1, 0, 0, 0, 1, 0], [0, 1, 1, 1, 1, 1, 1, 1, 1, 1, 0], [0, 0, 0, 0, 0, 0, 0, 0, 0, 0, 0]]"
2025-05-31T11:25:38.945705,0,East,1160.0,False,False,False,"[[0, 0, 0, 0, 0, 0, 0, 0, 0, 0, 0], [0, 1, 1, 1, 1, 1, 1, 1, 1, 1, 0], [0, 1, 0, 0, 0, 1, 0, 0, 0, 1, 0], [0, 1, 0, 1, 1, 1, 1, 1, 0, 1, 0], [0, 1, 1, 1, 0, 1, 0, 1, 1, 1, 0], [0, 0, 0, 1, 0, 1, 0, 1, 0, 0, 0], [0, 1, 1, 1, 1, 1, 1, 1, 1, 1, 0], [0, 1, 0, 1, 0, 0, 0, 1, 0, 1, 0], [0, 1, 0, 1, 0, 1, 0, 1, 0, 1, 0], [0, 1, 0, 1, 0, 1, 1, 1, 0, 1, 0], [0, 2, 0, 1, 0, 1, 1, 1, 0, 1, 0], [0, 1, 0, 1, 0, 1, 0, 1, 0, 1, 0], [0, 1, 0, 1, 0, 0, 0, 1, 0, 1, 0], [0, 1, 1, 1, 2, 1, 1, 4, 1, 1, 0], [0, 0, 0, 1, 0, 1, 0, 1, 0, 0, 0], [0, 1, 1, 1, 0, 1, 0, 4, 1, 5, 0], [0, 1, 0, 2, 2, 1, 1, 1, 0, 1, 0], [0, 1, 0, 0, 0, 1, 0, 0, 0, 1, 0], [0, 1, 1, 1, 1, 1, 1, 1, 1, 1, 0], [0, 0, 0, 0, 0, 0, 0, 0, 0, 0, 0]]"
2025-05-31T11:25:39.061791,0,East,1159.0,False,False,False,"[[0, 0, 0, 0, 0, 0, 0, 0, 0, 0, 0], [0, 1, 1, 1, 1, 1, 1, 1, 1, 1, 0], [0, 1, 0, 0, 0, 1, 0, 0, 0, 1, 0], [0, 1, 0, 1, 1, 1, 1, 1, 0, 1, 0], [0, 1, 1, 1, 0, 1, 0, 1, 1, 1, 0], [0, 0, 0, 1, 0, 1, 0, 1, 0, 0, 0], [0, 1, 1, 1, 1, 1, 1, 1, 1, 1, 0], [0, 1, 0, 1, 0, 0, 0, 1, 0, 1, 0], [0, 1, 0, 1, 0, 1, 0, 1, 0, 1, 0], [0, 1, 0, 1, 0, 1, 1, 1, 0, 1, 0], [0, 2, 0, 1, 0, 1, 1, 1, 0, 1, 0], [0, 1, 0, 1, 0, 1, 0, 1, 0, 1, 0], [0, 1, 0, 1, 0, 0, 0, 1, 0, 1, 0], [0, 1, 1, 1, 2, 1, 1, 1, 4, 1, 0], [0, 0, 0, 1, 0, 1, 0, 1, 0, 0, 0], [0, 1, 1, 1, 0, 1, 0, 1, 4, 1, 0], [0, 1, 0, 2, 2, 1, 1, 1, 0, 5, 0], [0, 1, 0, 0, 0, 1, 0, 0, 0, 1, 0], [0, 1, 1, 1, 1, 1, 1, 1, 1, 1, 0], [0, 0, 0, 0, 0, 0, 0, 0, 0, 0, 0]]"
2025-05-31T11:25:39.177927,0,East,1158.0,False,False,False,"[[0, 0, 0, 0, 0, 0, 0, 0, 0, 0, 0], [0, 1, 1, 1, 1, 1, 1, 1, 1, 1, 0], [0, 1, 0, 0, 0, 1, 0, 0, 0, 1, 0], [0, 1, 0, 1, 1, 1, 1, 1, 0, 1, 0], [0, 1, 1, 1, 0, 1, 0, 1, 1, 1, 0], [0, 0, 0, 1, 0, 1, 0, 1, 0, 0, 0], [0, 1, 1, 1, 1, 1, 1, 1, 1, 1, 0], [0, 1, 0, 1, 0, 0, 0, 1, 0, 1, 0], [0, 1, 0, 1, 0, 1, 0, 1, 0, 1, 0], [0, 1, 0, 1, 0, 1, 1, 1, 0, 1, 0], [0, 2, 0, 1, 0, 1, 1, 1, 0, 1, 0], [0, 1, 0, 1, 0, 1, 0, 1, 0, 1, 0], [0, 1, 0, 1, 0, 0, 0, 1, 0, 1, 0], [0, 1, 1, 1, 2, 1, 1, 1, 1, 4, 0], [0, 0, 0, 1, 0, 1, 0, 1, 0, 0, 0], [0, 1, 1, 1, 0, 1, 0, 1, 1, 4, 0], [0, 1, 0, 2, 2, 1, 1, 1, 0, 1, 0], [0, 1, 0, 0, 0, 1, 0, 0, 0, 5, 0], [0, 1, 1, 1, 1, 1, 1, 1, 1, 1, 0], [0, 0, 0, 0, 0, 0, 0, 0, 0, 0, 0]]"
2025-05-31T11:25:39.295410,0,South,1157.0,False,False,False,"[[0, 0, 0, 0, 0, 0, 0, 0, 0, 0, 0], [0, 1, 1, 1, 1, 1, 1, 1, 1, 1, 0], [0, 1, 0, 0, 0, 1, 0, 0, 0, 1, 0], [0, 1, 0, 1, 1, 1, 1, 1, 0, 1, 0], [0, 1, 1, 1, 0, 1, 0, 1, 1, 1, 0], [0, 0, 0, 1, 0, 1, 0, 1, 0, 0, 0], [0, 1, 1, 1, 1, 1, 1, 1, 1, 1, 0], [0, 1, 0, 1, 0, 0, 0, 1, 0, 1, 0], [0, 1, 0, 1, 0, 1, 0, 1, 0, 1, 0], [0, 1, 0, 1, 0, 1, 1, 1, 0, 1, 0], [0, 2, 0, 1, 0, 1, 1, 1, 0, 1, 0], [0, 1, 0, 1, 0, 1, 0, 1, 0, 1, 0], [0, 1, 0, 1, 0, 0, 0, 1, 0, 4, 0], [0, 1, 1, 1, 2, 1, 1, 1, 1, 1, 0], [0, 0, 0, 1, 0, 1, 0, 1, 0, 0, 0], [0, 1, 1, 1, 0, 1, 0, 1, 1, 1, 0], [0, 1, 0, 2, 2, 1, 1, 1, 0, 4, 0], [0, 1, 0, 0, 0, 1, 0, 0, 0, 1, 0], [0, 1, 1, 1, 1, 1, 1, 1, 1, 5, 0], [0, 0, 0, 0, 0, 0, 0, 0, 0, 0, 0]]"
2025-05-31T11:25:39.414463,0,South,1156.0,False,False,False,"[[0, 0, 0, 0, 0, 0, 0, 0, 0, 0, 0], [0, 1, 1, 1, 1, 1, 1, 1, 1, 1, 0], [0, 1, 0, 0, 0, 1, 0, 0, 0, 1, 0], [0, 1, 0, 1, 1, 1, 1, 1, 0, 1, 0], [0, 1, 1, 1, 0, 1, 0, 1, 1, 1, 0], [0, 0, 0, 1, 0, 1, 0, 1, 0, 0, 0], [0, 1, 1, 1, 1, 1, 1, 1, 1, 1, 0], [0, 1, 0, 1, 0, 0, 0, 1, 0, 1, 0], [0, 1, 0, 1, 0, 1, 0, 1, 0, 1, 0], [0, 1, 0, 1, 0, 1, 1, 1, 0, 1, 0], [0, 2, 0, 1, 0, 1, 1, 1, 0, 1, 0], [0, 1, 0, 1, 0, 1, 0, 1, 0, 4, 0], [0, 1, 0, 1, 0, 0, 0, 1, 0, 1, 0], [0, 1, 1, 1, 2, 1, 1, 1, 1, 1, 0], [0, 0, 0, 1, 0, 1, 0, 1, 0, 0, 0], [0, 1, 1, 1, 0, 1, 0, 1, 1, 1, 0], [0, 1, 0, 2, 2, 1, 1, 1, 0, 1, 0], [0, 1, 0, 0, 0, 1, 0, 0, 0, 4, 0], [0, 1, 1, 1, 1, 1, 1, 1, 5, 1, 0], [0, 0, 0, 0, 0, 0, 0, 0, 0, 0, 0]]"
2025-05-31T11:25:39.536261,0,South,1155.0,False,False,False,"[[0, 0, 0, 0, 0, 0, 0, 0, 0, 0, 0], [0, 1, 1, 1, 1, 1, 1, 1, 1, 1, 0], [0, 1, 0, 0, 0, 1, 0, 0, 0, 1, 0], [0, 1, 0, 1, 1, 1, 1, 1, 0, 1, 0], [0, 1, 1, 1, 0, 1, 0, 1, 1, 1, 0], [0, 0, 0, 1, 0, 1, 0, 1, 0, 0, 0], [0, 1, 1, 1, 1, 1, 1, 1, 1, 1, 0], [0, 1, 0, 1, 0, 0, 0, 1, 0, 1, 0], [0, 1, 0, 1, 0, 1, 0, 1, 0, 1, 0], [0, 1, 0, 1, 0, 1, 1, 1, 0, 1, 0], [0, 2, 0, 1, 0, 1, 1, 1, 0, 4, 0], [0, 1, 0, 1, 0, 1, 0, 1, 0, 1, 0], [0, 1, 0, 1, 0, 0, 0, 1, 0, 1, 0], [0, 1, 1, 1, 2, 1, 1, 1, 1, 1, 0], [0, 0, 0, 1, 0, 1, 0, 1, 0, 0, 0], [0, 1, 1, 1, 0, 1, 0, 1, 1, 1, 0], [0, 1, 0, 2, 2, 1, 1, 1, 0, 1, 0], [0, 1, 0, 0, 0, 1, 0, 0, 0, 1, 0], [0, 1, 1, 1, 1, 1, 1, 5, 1, 4, 0], [0, 0, 0, 0, 0, 0, 0, 0, 0, 0, 0]]"
2025-05-31T11:25:39.665150,0,South,1154.0,False,False,False,"[[0, 0, 0, 0, 0, 0, 0, 0, 0, 0, 0], [0, 1, 1, 1, 1, 1, 1, 1, 1, 1, 0], [0, 1, 0, 0, 0, 1, 0, 0, 0, 1, 0], [0, 1, 0, 1, 1, 1, 1, 1, 0, 1, 0], [0, 1, 1, 1, 0, 1, 0, 1, 1, 1, 0], [0, 0, 0, 1, 0, 1, 0, 1, 0, 0, 0], [0, 1, 1, 1, 1, 1, 1, 1, 1, 1, 0], [0, 1, 0, 1, 0, 0, 0, 1, 0, 1, 0], [0, 1, 0, 1, 0, 1, 0, 1, 0, 1, 0], [0, 1, 0, 1, 0, 1, 1, 1, 0, 4, 0], [0, 2, 0, 1, 0, 1, 1, 1, 0, 1, 0], [0, 1, 0, 1, 0, 1, 0, 1, 0, 1, 0], [0, 1, 0, 1, 0, 0, 0, 1, 0, 1, 0], [0, 1, 1, 1, 2, 1, 1, 1, 1, 1, 0], [0, 0, 0, 1, 0, 1, 0, 1, 0, 0, 0], [0, 1, 1, 1, 0, 1, 0, 1, 1, 1, 0], [0, 1, 0, 2, 2, 1, 1, 1, 0, 1, 0], [0, 1, 0, 0, 0, 1, 0, 0, 0, 1, 0], [0, 1, 1, 1, 1, 1, 5, 1, 4, 1, 0], [0, 0, 0, 0, 0, 0, 0, 0, 0, 0, 0]]"
2025-05-31T11:25:39.803223,0,West,1153.0,False,False,False,"[[0, 0, 0, 0, 0, 0, 0, 0, 0, 0, 0], [0, 1, 1, 1, 1, 1, 1, 1, 1, 1, 0], [0, 1, 0, 0, 0, 1, 0, 0, 0, 1, 0], [0, 1, 0, 1, 1, 1, 1, 1, 0, 1, 0], [0, 1, 1, 1, 0, 1, 0, 1, 1, 1, 0], [0, 0, 0, 1, 0, 1, 0, 1, 0, 0, 0], [0, 1, 1, 1, 1, 1, 1, 1, 1, 1, 0], [0, 1, 0, 1, 0, 0, 0, 1, 0, 1, 0], [0, 1, 0, 1, 0, 1, 0, 1, 0, 4, 0], [0, 1, 0, 1, 0, 1, 1, 1, 0, 1, 0], [0, 2, 0, 1, 0, 1, 1, 1, 0, 1, 0], [0, 1, 0, 1, 0, 1, 0, 1, 0, 1, 0], [0, 1, 0, 1, 0, 0, 0, 1, 0, 1, 0], [0, 1, 1, 1, 2, 1, 1, 1, 1, 1, 0], [0, 0, 0, 1, 0, 1, 0, 1, 0, 0, 0], [0, 1, 1, 1, 0, 1, 0, 1, 1, 1, 0], [0, 1, 0, 2, 2, 1, 1, 1, 0, 1, 0], [0, 1, 0, 0, 0, 1, 0, 0, 0, 1, 0], [0, 1, 1, 1, 1, 5, 1, 4, 1, 1, 0], [0, 0, 0, 0, 0, 0, 0, 0, 0, 0, 0]]"
2025-05-31T11:25:39.946919,0,West,1152.0,False,False,False,"[[0, 0, 0, 0, 0, 0, 0, 0, 0, 0, 0], [0, 1, 1, 1, 1, 1, 1, 1, 1, 1, 0], [0, 1, 0, 0, 0, 1, 0, 0, 0, 1, 0], [0, 1, 0, 1, 1, 1, 1, 1, 0, 1, 0], [0, 1, 1, 1, 0, 1, 0, 1, 1, 1, 0], [0, 0, 0, 1, 0, 1, 0, 1, 0, 0, 0], [0, 1, 1, 1, 1, 1, 1, 1, 1, 1, 0], [0, 1, 0, 1, 0, 0, 0, 1, 0, 4, 0], [0, 1, 0, 1, 0, 1, 0, 1, 0, 1, 0], [0, 1, 0, 1, 0, 1, 1, 1, 0, 1, 0], [0, 2, 0, 1, 0, 1, 1, 1, 0, 1, 0], [0, 1, 0, 1, 0, 1, 0, 1, 0, 1, 0], [0, 1, 0, 1, 0, 0, 0, 1, 0, 1, 0], [0, 1, 1, 1, 2, 1, 1, 1, 1, 1, 0], [0, 0, 0, 1, 0, 1, 0, 1, 0, 0, 0], [0, 1, 1, 1, 0, 1, 0, 1, 1, 1, 0], [0, 1, 0, 2, 2, 1, 1, 1, 0, 1, 0], [0, 1, 0, 0, 0, 5, 0, 0, 0, 1, 0], [0, 1, 1, 1, 1, 1, 4, 1, 1, 1, 0], [0, 0, 0, 0, 0, 0, 0, 0, 0, 0, 0]]"
2025-05-31T11:25:40.111775,0,South,1151.0,False,False,False,"[[0, 0, 0, 0, 0, 0, 0, 0, 0, 0, 0], [0, 1, 1, 1, 1, 1, 1, 1, 1, 1, 0], [0, 1, 0, 0, 0, 1, 0, 0, 0, 1, 0], [0, 1, 0, 1, 1, 1, 1, 1, 0, 1, 0], [0, 1, 1, 1, 0, 1, 0, 1, 1, 1, 0], [0, 0, 0, 1, 0, 1, 0, 1, 0, 0, 0], [0, 1, 1, 1, 1, 1, 1, 1, 1, 4, 0], [0, 1, 0, 1, 0, 0, 0, 1, 0, 1, 0], [0, 1, 0, 1, 0, 1, 0, 1, 0, 1, 0], [0, 1, 0, 1, 0, 1, 1, 1, 0, 1, 0], [0, 2, 0, 1, 0, 1, 1, 1, 0, 1, 0], [0, 1, 0, 1, 0, 1, 0, 1, 0, 1, 0], [0, 1, 0, 1, 0, 0, 0, 1, 0, 1, 0], [0, 1, 1, 1, 2, 1, 1, 1, 1, 1, 0], [0, 0, 0, 1, 0, 1, 0, 1, 0, 0, 0], [0, 1, 1, 1, 0, 1, 0, 1, 1, 1, 0], [0, 1, 0, 2, 2, 5, 1, 1, 0, 1, 0], [0, 1, 0, 0, 0, 1, 0, 0, 0, 1, 0], [0, 1, 1, 1, 1, 4, 1, 1, 1, 1, 0], [0, 0, 0, 0, 0, 0, 0, 0, 0, 0, 0]]"
2025-05-31T11:25:40.260862,0,South,1160.0,False,False,False,"[[0, 0, 0, 0, 0, 0, 0, 0, 0, 0, 0], [0, 1, 1, 1, 1, 1, 1, 1, 1, 1, 0], [0, 1, 0, 0, 0, 1, 0, 0, 0, 1, 0], [0, 1, 0, 1, 1, 1, 1, 1, 0, 1, 0], [0, 1, 1, 1, 0, 1, 0, 1, 1, 1, 0], [0, 0, 0, 1, 0, 1, 0, 1, 0, 0, 0], [0, 1, 1, 1, 1, 1, 1, 1, 4, 1, 0], [0, 1, 0, 1, 0, 0, 0, 1, 0, 1, 0], [0, 1, 0, 1, 0, 1, 0, 1, 0, 1, 0], [0, 1, 0, 1, 0, 1, 1, 1, 0, 1, 0], [0, 2, 0, 1, 0, 1, 1, 1, 0, 1, 0], [0, 1, 0, 1, 0, 1, 0, 1, 0, 1, 0], [0, 1, 0, 1, 0, 0, 0, 1, 0, 1, 0], [0, 1, 1, 1, 2, 1, 1, 1, 1, 1, 0], [0, 0, 0, 1, 0, 1, 0, 1, 0, 0, 0], [0, 1, 1, 1, 0, 1, 0, 1, 1, 1, 0], [0, 1, 0, 2, 5, 1, 1, 1, 0, 1, 0], [0, 1, 0, 0, 0, 1, 0, 0, 0, 1, 0], [0, 1, 1, 1, 4, 1, 1, 1, 1, 1, 0], [0, 0, 0, 0, 0, 0, 0, 0, 0, 0, 0]]"
2025-05-31T11:25:40.449879,0,North,1169.0,False,False,False,"[[0, 0, 0, 0, 0, 0, 0, 0, 0, 0, 0], [0, 1, 1, 1, 1, 1, 1, 1, 1, 1, 0], [0, 1, 0, 0, 0, 1, 0, 0, 0, 1, 0], [0, 1, 0, 1, 1, 1, 1, 1, 0, 1, 0], [0, 1, 1, 1, 0, 1, 0, 1, 1, 1, 0], [0, 0, 0, 1, 0, 1, 0, 1, 0, 0, 0], [0, 1, 1, 1, 1, 1, 1, 4, 1, 1, 0], [0, 1, 0, 1, 0, 0, 0, 1, 0, 1, 0], [0, 1, 0, 1, 0, 1, 0, 1, 0, 1, 0], [0, 1, 0, 1, 0, 1, 1, 1, 0, 1, 0], [0, 2, 0, 1, 0, 1, 1, 1, 0, 1, 0], [0, 1, 0, 1, 0, 1, 0, 1, 0, 1, 0], [0, 1, 0, 1, 0, 0, 0, 1, 0, 1, 0], [0, 1, 1, 1, 2, 1, 1, 1, 1, 1, 0], [0, 0, 0, 1, 0, 1, 0, 1, 0, 0, 0], [0, 1, 1, 1, 0, 1, 0, 1, 1, 1, 0], [0, 1, 0, 5, 1, 1, 1, 1, 0, 1, 0], [0, 1, 0, 0, 0, 1, 0, 0, 0, 1, 0], [0, 1, 1, 4, 1, 1, 1, 1, 1, 1, 0], [0, 0, 0, 0, 0, 0, 0, 0, 0, 0, 0]]"
2025-05-31T11:25:40.618878,0,North,1168.0,False,False,False,"[[0, 0, 0, 0, 0, 0, 0, 0, 0, 0, 0], [0, 1, 1, 1, 1, 1, 1, 1, 1, 1, 0], [0, 1, 0, 0, 0, 1, 0, 0, 0, 1, 0], [0, 1, 0, 1, 1, 1, 1, 1, 0, 1, 0], [0, 1, 1, 1, 0, 1, 0, 1, 1, 1, 0], [0, 0, 0, 1, 0, 1, 0, 1, 0, 0, 0], [0, 1, 1, 1, 1, 1, 4, 1, 1, 1, 0], [0, 1, 0, 1, 0, 0, 0, 1, 0, 1, 0], [0, 1, 0, 1, 0, 1, 0, 1, 0, 1, 0], [0, 1, 0, 1, 0, 1, 1, 1, 0, 1, 0], [0, 2, 0, 1, 0, 1, 1, 1, 0, 1, 0], [0, 1, 0, 1, 0, 1, 0, 1, 0, 1, 0], [0, 1, 0, 1, 0, 0, 0, 1, 0, 1, 0], [0, 1, 1, 1, 2, 1, 1, 1, 1, 1, 0], [0, 0, 0, 1, 0, 1, 0, 1, 0, 0, 0], [0, 1, 1, 1, 0, 1, 0, 1, 1, 1, 0], [0, 1, 0, 1, 5, 1, 1, 1, 0, 1, 0], [0, 1, 0, 0, 0, 1, 0, 0, 0, 1, 0], [0, 1, 4, 1, 1, 1, 1, 1, 1, 1, 0], [0, 0, 0, 0, 0, 0, 0, 0, 0, 0, 0]]"
2025-05-31T11:25:40.791831,0,East,1167.0,False,False,False,"[[0, 0, 0, 0, 0, 0, 0, 0, 0, 0, 0], [0, 1, 1, 1, 1, 1, 1, 1, 1, 1, 0], [0, 1, 0, 0, 0, 1, 0, 0, 0, 1, 0], [0, 1, 0, 1, 1, 1, 1, 1, 0, 1, 0], [0, 1, 1, 1, 0, 1, 0, 1, 1, 1, 0], [0, 0, 0, 1, 0, 1, 0, 1, 0, 0, 0], [0, 1, 1, 1, 1, 4, 1, 1, 1, 1, 0], [0, 1, 0, 1, 0, 0, 0, 1, 0, 1, 0], [0, 1, 0, 1, 0, 1, 0, 1, 0, 1, 0], [0, 1, 0, 1, 0, 1, 1, 1, 0, 1, 0], [0, 2, 0, 1, 0, 1, 1, 1, 0, 1, 0], [0, 1, 0, 1, 0, 1, 0, 1, 0, 1, 0], [0, 1, 0, 1, 0, 0, 0, 1, 0, 1, 0], [0, 1, 1, 1, 2, 1, 1, 1, 1, 1, 0], [0, 0, 0, 1, 0, 1, 0, 1, 0, 0, 0], [0, 1, 1, 1, 0, 1, 0, 1, 1, 1, 0], [0, 1, 0, 1, 1, 5, 1, 1, 0, 1, 0], [0, 1, 0, 0, 0, 1, 0, 0, 0, 1, 0], [0, 4, 1, 1, 1, 1, 1, 1, 1, 1, 0], [0, 0, 0, 0, 0, 0, 0, 0, 0, 0, 0]]"
2025-05-31T11:25:40.940612,0,West,1166.0,False,False,False,"[[0, 0, 0, 0, 0, 0, 0, 0, 0, 0, 0], [0, 1, 1, 1, 1, 1, 1, 1, 1, 1, 0], [0, 1, 0, 0, 0, 1, 0, 0, 0, 1, 0], [0, 1, 0, 1, 1, 1, 1, 1, 0, 1, 0], [0, 1, 1, 1, 0, 1, 0, 1, 1, 1, 0], [0, 0, 0, 1, 0, 4, 0, 1, 0, 0, 0], [0, 1, 1, 1, 1, 1, 1, 1, 1, 1, 0], [0, 1, 0, 1, 0, 0, 0, 1, 0, 1, 0], [0, 1, 0, 1, 0, 1, 0, 1, 0, 1, 0], [0, 1, 0, 1, 0, 1, 1, 1, 0, 1, 0], [0, 2, 0, 1, 0, 1, 1, 1, 0, 1, 0], [0, 1, 0, 1, 0, 1, 0, 1, 0, 1, 0], [0, 1, 0, 1, 0, 0, 0, 1, 0, 1, 0], [0, 1, 1, 1, 2, 1, 1, 1, 1, 1, 0], [0, 0, 0, 1, 0, 1, 0, 1, 0, 0, 0], [0, 1, 1, 1, 0, 1, 0, 1, 1, 1, 0], [0, 1, 0, 1, 1, 1, 1, 1, 0, 1, 0], [0, 4, 0, 0, 0, 5, 0, 0, 0, 1, 0], [0, 1, 1, 1, 1, 1, 1, 1, 1, 1, 0], [0, 0, 0, 0, 0, 0, 0, 0, 0, 0, 0]]"
2025-05-31T11:25:41.112714,0,West,1165.0,False,False,False,"[[0, 0, 0, 0, 0, 0, 0, 0, 0, 0, 0], [0, 1, 1, 1, 1, 1, 1, 1, 1, 1, 0], [0, 1, 0, 0, 0, 1, 0, 0, 0, 1, 0], [0, 1, 0, 1, 1, 1, 1, 1, 0, 1, 0], [0, 1, 1, 1, 0, 4, 0, 1, 1, 1, 0], [0, 0, 0, 1, 0, 1, 0, 1, 0, 0, 0], [0, 1, 1, 1, 1, 1, 1, 1, 1, 1, 0], [0, 1, 0, 1, 0, 0, 0, 1, 0, 1, 0], [0, 1, 0, 1, 0, 1, 0, 1, 0, 1, 0], [0, 1, 0, 1, 0, 1, 1, 1, 0, 1, 0], [0, 2, 0, 1, 0, 1, 1, 1, 0, 1, 0], [0, 1, 0, 1, 0, 1, 0, 1, 0, 1, 0], [0, 1, 0, 1, 0, 0, 0, 1, 0, 1, 0], [0, 1, 1, 1, 2, 1, 1, 1, 1, 1, 0], [0, 0, 0, 1, 0, 1, 0, 1, 0, 0, 0], [0, 1, 1, 1, 0, 1, 0, 1, 1, 1, 0], [0, 4, 0, 1, 1, 5, 1, 1, 0, 1, 0], [0, 1, 0, 0, 0, 1, 0, 0, 0, 1, 0], [0, 1, 1, 1, 1, 1, 1, 1, 1, 1, 0], [0, 0, 0, 0, 0, 0, 0, 0, 0, 0, 0]]"
2025-05-31T11:25:41.279865,0,West,1164.0,False,False,False,"[[0, 0, 0, 0, 0, 0, 0, 0, 0, 0, 0], [0, 1, 1, 1, 1, 1, 1, 1, 1, 1, 0], [0, 1, 0, 0, 0, 1, 0, 0, 0, 1, 0], [0, 1, 0, 1, 1, 4, 1, 1, 0, 1, 0], [0, 1, 1, 1, 0, 1, 0, 1, 1, 1, 0], [0, 0, 0, 1, 0, 1, 0, 1, 0, 0, 0], [0, 1, 1, 1, 1, 1, 1, 1, 1, 1, 0], [0, 1, 0, 1, 0, 0, 0, 1, 0, 1, 0], [0, 1, 0, 1, 0, 1, 0, 1, 0, 1, 0], [0, 1, 0, 1, 0, 1, 1, 1, 0, 1, 0], [0, 2, 0, 1, 0, 1, 1, 1, 0, 1, 0], [0, 1, 0, 1, 0, 1, 0, 1, 0, 1, 0], [0, 1, 0, 1, 0, 0, 0, 1, 0, 1, 0], [0, 1, 1, 1, 2, 1, 1, 1, 1, 1, 0], [0, 0, 0, 1, 0, 1, 0, 1, 0, 0, 0], [0, 4, 1, 1, 0, 5, 0, 1, 1, 1, 0], [0, 1, 0, 1, 1, 1, 1, 1, 0, 1, 0], [0, 1, 0, 0, 0, 1, 0, 0, 0, 1, 0], [0, 1, 1, 1, 1, 1, 1, 1, 1, 1, 0], [0, 0, 0, 0, 0, 0, 0, 0, 0, 0, 0]]"
2025-05-31T11:25:41.429378,0,West,1163.0,False,False,False,"[[0, 0, 0, 0, 0, 0, 0, 0, 0, 0, 0], [0, 1, 1, 1, 1, 1, 1, 1, 1, 1, 0], [0, 1, 0, 0, 0, 4, 0, 0, 0, 1, 0], [0, 1, 0, 1, 1, 1, 1, 1, 0, 1, 0], [0, 1, 1, 1, 0, 1, 0, 1, 1, 1, 0], [0, 0, 0, 1, 0, 1, 0, 1, 0, 0, 0], [0, 1, 1, 1, 1, 1, 1, 1, 1, 1, 0], [0, 1, 0, 1, 0, 0, 0, 1, 0, 1, 0], [0, 1, 0, 1, 0, 1, 0, 1, 0, 1, 0], [0, 1, 0, 1, 0, 1, 1, 1, 0, 1, 0], [0, 2, 0, 1, 0, 1, 1, 1, 0, 1, 0], [0, 1, 0, 1, 0, 1, 0, 1, 0, 1, 0], [0, 1, 0, 1, 0, 0, 0, 1, 0, 1, 0], [0, 1, 1, 1, 2, 1, 1, 1, 1, 1, 0], [0, 0, 0, 1, 0, 5, 0, 1, 0, 0, 0], [0, 1, 4, 1, 0, 1, 0, 1, 1, 1, 0], [0, 1, 0, 1, 1, 1, 1, 1, 0, 1, 0], [0, 1, 0, 0, 0, 1, 0, 0, 0, 1, 0], [0, 1, 1, 1, 1, 1, 1, 1, 1, 1, 0], [0, 0, 0, 0, 0, 0, 0, 0, 0, 0, 0]]"
2025-05-31T11:25:41.650566,0,South,1162.0,False,False,False,"[[0, 0, 0, 0, 0, 0, 0, 0, 0, 0, 0], [0, 1, 1, 1, 1, 4, 1, 1, 1, 1, 0], [0, 1, 0, 0, 0, 1, 0, 0, 0, 1, 0], [0, 1, 0, 1, 1, 1, 1, 1, 0, 1, 0], [0, 1, 1, 1, 0, 1, 0, 1, 1, 1, 0], [0, 0, 0, 1, 0, 1, 0, 1, 0, 0, 0], [0, 1, 1, 1, 1, 1, 1, 1, 1, 1, 0], [0, 1, 0, 1, 0, 0, 0, 1, 0, 1, 0], [0, 1, 0, 1, 0, 1, 0, 1, 0, 1, 0], [0, 1, 0, 1, 0, 1, 1, 1, 0, 1, 0], [0, 2, 0, 1, 0, 1, 1, 1, 0, 1, 0], [0, 1, 0, 1, 0, 1, 0, 1, 0, 1, 0], [0, 1, 0, 1, 0, 0, 0, 1, 0, 1, 0], [0, 1, 1, 1, 2, 5, 1, 1, 1, 1, 0], [0, 0, 0, 1, 0, 1, 0, 1, 0, 0, 0], [0, 1, 1, 4, 0, 1, 0, 1, 1, 1, 0], [0, 1, 0, 1, 1, 1, 1, 1, 0, 1, 0], [0, 1, 0, 0, 0, 1, 0, 0, 0, 1, 0], [0, 1, 1, 1, 1, 1, 1, 1, 1, 1, 0], [0, 0, 0, 0, 0, 0, 0, 0, 0, 0, 0]]"
2025-05-31T11:25:41.788609,0,North,1171.0,False,False,False,"[[0, 0, 0, 0, 0, 0, 0, 0, 0, 0, 0], [0, 1, 1, 1, 4, 1, 1, 1, 1, 1, 0], [0, 1, 0, 0, 0, 1, 0, 0, 0, 1, 0], [0, 1, 0, 1, 1, 1, 1, 1, 0, 1, 0], [0, 1, 1, 1, 0, 1, 0, 1, 1, 1, 0], [0, 0, 0, 1, 0, 1, 0, 1, 0, 0, 0], [0, 1, 1, 1, 1, 1, 1, 1, 1, 1, 0], [0, 1, 0, 1, 0, 0, 0, 1, 0, 1, 0], [0, 1, 0, 1, 0, 1, 0, 1, 0, 1, 0], [0, 1, 0, 1, 0, 1, 1, 1, 0, 1, 0], [0, 2, 0, 1, 0, 1, 1, 1, 0, 1, 0], [0, 1, 0, 1, 0, 1, 0, 1, 0, 1, 0], [0, 1, 0, 1, 0, 0, 0, 1, 0, 1, 0], [0, 1, 1, 1, 5, 1, 1, 1, 1, 1, 0], [0, 0, 0, 4, 0, 1, 0, 1, 0, 0, 0], [0, 1, 1, 1, 0, 1, 0, 1, 1, 1, 0], [0, 1, 0, 1, 1, 1, 1, 1, 0, 1, 0], [0, 1, 0, 0, 0, 1, 0, 0, 0, 1, 0], [0, 1, 1, 1, 1, 1, 1, 1, 1, 1, 0], [0, 0, 0, 0, 0, 0, 0, 0, 0, 0, 0]]"
2025-05-31T11:25:41.947382,0,North,1170.0,False,False,False,"[[0, 0, 0, 0, 0, 0, 0, 0, 0, 0, 0], [0, 1, 1, 4, 1, 1, 1, 1, 1, 1, 0], [0, 1, 0, 0, 0, 1, 0, 0, 0, 1, 0], [0, 1, 0, 1, 1, 1, 1, 1, 0, 1, 0], [0, 1, 1, 1, 0, 1, 0, 1, 1, 1, 0], [0, 0, 0, 1, 0, 1, 0, 1, 0, 0, 0], [0, 1, 1, 1, 1, 1, 1, 1, 1, 1, 0], [0, 1, 0, 1, 0, 0, 0, 1, 0, 1, 0], [0, 1, 0, 1, 0, 1, 0, 1, 0, 1, 0], [0, 1, 0, 1, 0, 1, 1, 1, 0, 1, 0], [0, 2, 0, 1, 0, 1, 1, 1, 0, 1, 0], [0, 1, 0, 1, 0, 1, 0, 1, 0, 1, 0], [0, 1, 0, 1, 0, 0, 0, 1, 0, 1, 0], [0, 1, 1, 4, 1, 5, 1, 1, 1, 1, 0], [0, 0, 0, 1, 0, 1, 0, 1, 0, 0, 0], [0, 1, 1, 1, 0, 1, 0, 1, 1, 1, 0], [0, 1, 0, 1, 1, 1, 1, 1, 0, 1, 0], [0, 1, 0, 0, 0, 1, 0, 0, 0, 1, 0], [0, 1, 1, 1, 1, 1, 1, 1, 1, 1, 0], [0, 0, 0, 0, 0, 0, 0, 0, 0, 0, 0]]"
2025-05-31T11:25:42.088232,0,North,1169.0,False,False,False,"[[0, 0, 0, 0, 0, 0, 0, 0, 0, 0, 0], [0, 1, 4, 1, 1, 1, 1, 1, 1, 1, 0], [0, 1, 0, 0, 0, 1, 0, 0, 0, 1, 0], [0, 1, 0, 1, 1, 1, 1, 1, 0, 1, 0], [0, 1, 1, 1, 0, 1, 0, 1, 1, 1, 0], [0, 0, 0, 1, 0, 1, 0, 1, 0, 0, 0], [0, 1, 1, 1, 1, 1, 1, 1, 1, 1, 0], [0, 1, 0, 1, 0, 0, 0, 1, 0, 1, 0], [0, 1, 0, 1, 0, 1, 0, 1, 0, 1, 0], [0, 1, 0, 1, 0, 1, 1, 1, 0, 1, 0], [0, 2, 0, 1, 0, 1, 1, 1, 0, 1, 0], [0, 1, 0, 1, 0, 1, 0, 1, 0, 1, 0], [0, 1, 0, 1, 0, 0, 0, 1, 0, 1, 0], [0, 1, 1, 1, 4, 1, 5, 1, 1, 1, 0], [0, 0, 0, 1, 0, 1, 0, 1, 0, 0, 0], [0, 1, 1, 1, 0, 1, 0, 1, 1, 1, 0], [0, 1, 0, 1, 1, 1, 1, 1, 0, 1, 0], [0, 1, 0, 0, 0, 1, 0, 0, 0, 1, 0], [0, 1, 1, 1, 1, 1, 1, 1, 1, 1, 0], [0, 0, 0, 0, 0, 0, 0, 0, 0, 0, 0]]"
2025-05-31T11:25:42.261191,0,West,1168.0,False,False,False,"[[0, 0, 0, 0, 0, 0, 0, 0, 0, 0, 0], [0, 4, 1, 1, 1, 1, 1, 1, 1, 1, 0], [0, 1, 0, 0, 0, 1, 0, 0, 0, 1, 0], [0, 1, 0, 1, 1, 1, 1, 1, 0, 1, 0], [0, 1, 1, 1, 0, 1, 0, 1, 1, 1, 0], [0, 0, 0, 1, 0, 1, 0, 1, 0, 0, 0], [0, 1, 1, 1, 1, 1, 1, 1, 1, 1, 0], [0, 1, 0, 1, 0, 0, 0, 1, 0, 1, 0], [0, 1, 0, 1, 0, 1, 0, 1, 0, 1, 0], [0, 1, 0, 1, 0, 1, 1, 1, 0, 1, 0], [0, 2, 0, 1, 0, 1, 1, 1, 0, 1, 0], [0, 1, 0, 1, 0, 1, 0, 1, 0, 1, 0], [0, 1, 0, 1, 0, 0, 0, 1, 0, 1, 0], [0, 1, 1, 1, 1, 4, 1, 5, 1, 1, 0], [0, 0, 0, 1, 0, 1, 0, 1, 0, 0, 0], [0, 1, 1, 1, 0, 1, 0, 1, 1, 1, 0], [0, 1, 0, 1, 1, 1, 1, 1, 0, 1, 0], [0, 1, 0, 0, 0, 1, 0, 0, 0, 1, 0], [0, 1, 1, 1, 1, 1, 1, 1, 1, 1, 0], [0, 0, 0, 0, 0, 0, 0, 0, 0, 0, 0]]"
2025-05-31T11:25:42.387485,0,West,1167.0,False,False,False,"[[0, 0, 0, 0, 0, 0, 0, 0, 0, 0, 0], [0, 1, 1, 1, 1, 1, 1, 1, 1, 1, 0], [0, 4, 0, 0, 0, 1, 0, 0, 0, 1, 0], [0, 1, 0, 1, 1, 1, 1, 1, 0, 1, 0], [0, 1, 1, 1, 0, 1, 0, 1, 1, 1, 0], [0, 0, 0, 1, 0, 1, 0, 1, 0, 0, 0], [0, 1, 1, 1, 1, 1, 1, 1, 1, 1, 0], [0, 1, 0, 1, 0, 0, 0, 1, 0, 1, 0], [0, 1, 0, 1, 0, 1, 0, 1, 0, 1, 0], [0, 1, 0, 1, 0, 1, 1, 1, 0, 1, 0], [0, 2, 0, 1, 0, 1, 1, 1, 0, 1, 0], [0, 1, 0, 1, 0, 1, 0, 1, 0, 1, 0], [0, 1, 0, 1, 0, 0, 0, 5, 0, 1, 0], [0, 1, 1, 1, 1, 1, 4, 1, 1, 1, 0], [0, 0, 0, 1, 0, 1, 0, 1, 0, 0, 0], [0, 1, 1, 1, 0, 1, 0, 1, 1, 1, 0], [0, 1, 0, 1, 1, 1, 1, 1, 0, 1, 0], [0, 1, 0, 0, 0, 1, 0, 0, 0, 1, 0], [0, 1, 1, 1, 1, 1, 1, 1, 1, 1, 0], [0, 0, 0, 0, 0, 0, 0, 0, 0, 0, 0]]"
2025-05-31T11:25:42.516529,0,West,1166.0,False,False,False,"[[0, 0, 0, 0, 0, 0, 0, 0, 0, 0, 0], [0, 1, 1, 1, 1, 1, 1, 1, 1, 1, 0], [0, 1, 0, 0, 0, 1, 0, 0, 0, 1, 0], [0, 4, 0, 1, 1, 1, 1, 1, 0, 1, 0], [0, 1, 1, 1, 0, 1, 0, 1, 1, 1, 0], [0, 0, 0, 1, 0, 1, 0, 1, 0, 0, 0], [0, 1, 1, 1, 1, 1, 1, 1, 1, 1, 0], [0, 1, 0, 1, 0, 0, 0, 1, 0, 1, 0], [0, 1, 0, 1, 0, 1, 0, 1, 0, 1, 0], [0, 1, 0, 1, 0, 1, 1, 1, 0, 1, 0], [0, 2, 0, 1, 0, 1, 1, 1, 0, 1, 0], [0, 1, 0, 1, 0, 1, 0, 5, 0, 1, 0], [0, 1, 0, 1, 0, 0, 0, 1, 0, 1, 0], [0, 1, 1, 1, 1, 1, 1, 4, 1, 1, 0], [0, 0, 0, 1, 0, 1, 0, 1, 0, 0, 0], [0, 1, 1, 1, 0, 1, 0, 1, 1, 1, 0], [0, 1, 0, 1, 1, 1, 1, 1, 0, 1, 0], [0, 1, 0, 0, 0, 1, 0, 0, 0, 1, 0], [0, 1, 1, 1, 1, 1, 1, 1, 1, 1, 0], [0, 0, 0, 0, 0, 0, 0, 0, 0, 0, 0]]"
2025-05-31T11:25:42.670358,0,South,1165.0,False,False,False,"[[0, 0, 0, 0, 0, 0, 0, 0, 0, 0, 0], [0, 1, 1, 1, 1, 1, 1, 1, 1, 1, 0], [0, 1, 0, 0, 0, 1, 0, 0, 0, 1, 0], [0, 1, 0, 1, 1, 1, 1, 1, 0, 1, 0], [0, 4, 1, 1, 0, 1, 0, 1, 1, 1, 0], [0, 0, 0, 1, 0, 1, 0, 1, 0, 0, 0], [0, 1, 1, 1, 1, 1, 1, 1, 1, 1, 0], [0, 1, 0, 1, 0, 0, 0, 1, 0, 1, 0], [0, 1, 0, 1, 0, 1, 0, 1, 0, 1, 0], [0, 1, 0, 1, 0, 1, 1, 1, 0, 1, 0], [0, 2, 0, 1, 0, 1, 1, 5, 0, 1, 0], [0, 1, 0, 1, 0, 1, 0, 1, 0, 1, 0], [0, 1, 0, 1, 0, 0, 0, 4, 0, 1, 0], [0, 1, 1, 1, 1, 1, 1, 1, 1, 1, 0], [0, 0, 0, 1, 0, 1, 0, 1, 0, 0, 0], [0, 1, 1, 1, 0, 1, 0, 1, 1, 1, 0], [0, 1, 0, 1, 1, 1, 1, 1, 0, 1, 0], [0, 1, 0, 0, 0, 1, 0, 0, 0, 1, 0], [0, 1, 1, 1, 1, 1, 1, 1, 1, 1, 0], [0, 0, 0, 0, 0, 0, 0, 0, 0, 0, 0]]"
2025-05-31T11:25:42.917490,0,West,1164.0,False,False,False,"[[0, 0, 0, 0, 0, 0, 0, 0, 0, 0, 0], [0, 1, 1, 1, 1, 1, 1, 1, 1, 1, 0], [0, 1, 0, 0, 0, 1, 0, 0, 0, 1, 0], [0, 1, 0, 1, 1, 1, 1, 1, 0, 1, 0], [0, 1, 4, 1, 0, 1, 0, 1, 1, 1, 0], [0, 0, 0, 1, 0, 1, 0, 1, 0, 0, 0], [0, 1, 1, 1, 1, 1, 1, 1, 1, 1, 0], [0, 1, 0, 1, 0, 0, 0, 1, 0, 1, 0], [0, 1, 0, 1, 0, 1, 0, 1, 0, 1, 0], [0, 1, 0, 1, 0, 1, 1, 1, 0, 1, 0], [0, 2, 0, 1, 0, 1, 5, 1, 0, 1, 0], [0, 1, 0, 1, 0, 1, 0, 4, 0, 1, 0], [0, 1, 0, 1, 0, 0, 0, 1, 0, 1, 0], [0, 1, 1, 1, 1, 1, 1, 1, 1, 1, 0], [0, 0, 0, 1, 0, 1, 0, 1, 0, 0, 0], [0, 1, 1, 1, 0, 1, 0, 1, 1, 1, 0], [0, 1, 0, 1, 1, 1, 1, 1, 0, 1, 0], [0, 1, 0, 0, 0, 1, 0, 0, 0, 1, 0], [0, 1, 1, 1, 1, 1, 1, 1, 1, 1, 0], [0, 0, 0, 0, 0, 0, 0, 0, 0, 0, 0]]"
2025-05-31T11:25:43.121392,0,South,1163.0,False,False,False,"[[0, 0, 0, 0, 0, 0, 0, 0, 0, 0, 0], [0, 1, 1, 1, 1, 1, 1, 1, 1, 1, 0], [0, 1, 0, 0, 0, 1, 0, 0, 0, 1, 0], [0, 1, 0, 1, 1, 1, 1, 1, 0, 1, 0], [0, 1, 1, 4, 0, 1, 0, 1, 1, 1, 0], [0, 0, 0, 1, 0, 1, 0, 1, 0, 0, 0], [0, 1, 1, 1, 1, 1, 1, 1, 1, 1, 0], [0, 1, 0, 1, 0, 0, 0, 1, 0, 1, 0], [0, 1, 0, 1, 0, 1, 0, 1, 0, 1, 0], [0, 1, 0, 1, 0, 1, 5, 1, 0, 1, 0], [0, 2, 0, 1, 0, 1, 1, 4, 0, 1, 0], [0, 1, 0, 1, 0, 1, 0, 1, 0, 1, 0], [0, 1, 0, 1, 0, 0, 0, 1, 0, 1, 0], [0, 1, 1, 1, 1, 1, 1, 1, 1, 1, 0], [0, 0, 0, 1, 0, 1, 0, 1, 0, 0, 0], [0, 1, 1, 1, 0, 1, 0, 1, 1, 1, 0], [0, 1, 0, 1, 1, 1, 1, 1, 0, 1, 0], [0, 1, 0, 0, 0, 1, 0, 0, 0, 1, 0], [0, 1, 1, 1, 1, 1, 1, 1, 1, 1, 0], [0, 0, 0, 0, 0, 0, 0, 0, 0, 0, 0]]"
2025-05-31T11:25:43.402104,0,East,1162.0,False,False,False,"[[0, 0, 0, 0, 0, 0, 0, 0, 0, 0, 0], [0, 1, 1, 1, 1, 1, 1, 1, 1, 1, 0], [0, 1, 0, 0, 0, 1, 0, 0, 0, 1, 0], [0, 1, 0, 1, 1, 1, 1, 1, 0, 1, 0], [0, 1, 1, 1, 0, 1, 0, 1, 1, 1, 0], [0, 0, 0, 4, 0, 1, 0, 1, 0, 0, 0], [0, 1, 1, 1, 1, 1, 1, 1, 1, 1, 0], [0, 1, 0, 1, 0, 0, 0, 1, 0, 1, 0], [0, 1, 0, 1, 0, 1, 0, 1, 0, 1, 0], [0, 1, 0, 1, 0, 5, 1, 4, 0, 1, 0], [0, 2, 0, 1, 0, 1, 1, 1, 0, 1, 0], [0, 1, 0, 1, 0, 1, 0, 1, 0, 1, 0], [0, 1, 0, 1, 0, 0, 0, 1, 0, 1, 0], [0, 1, 1, 1, 1, 1, 1, 1, 1, 1, 0], [0, 0, 0, 1, 0, 1, 0, 1, 0, 0, 0], [0, 1, 1, 1, 0, 1, 0, 1, 1, 1, 0], [0, 1, 0, 1, 1, 1, 1, 1, 0, 1, 0], [0, 1, 0, 0, 0, 1, 0, 0, 0, 1, 0], [0, 1, 1, 1, 1, 1, 1, 1, 1, 1, 0], [0, 0, 0, 0, 0, 0, 0, 0, 0, 0, 0]]"
2025-05-31T11:25:43.579423,0,East,1161.0,False,False,False,"[[0, 0, 0, 0, 0, 0, 0, 0, 0, 0, 0], [0, 1, 1, 1, 1, 1, 1, 1, 1, 1, 0], [0, 1, 0, 0, 0, 1, 0, 0, 0, 1, 0], [0, 1, 0, 1, 1, 1, 1, 1, 0, 1, 0], [0, 1, 1, 1, 0, 1, 0, 1, 1, 1, 0], [0, 0, 0, 1, 0, 1, 0, 1, 0, 0, 0], [0, 1, 1, 4, 1, 1, 1, 1, 1, 1, 0], [0, 1, 0, 1, 0, 0, 0, 1, 0, 1, 0], [0, 1, 0, 1, 0, 1, 0, 1, 0, 1, 0], [0, 1, 0, 1, 0, 1, 4, 1, 0, 1, 0], [0, 2, 0, 1, 0, 5, 1, 1, 0, 1, 0], [0, 1, 0, 1, 0, 1, 0, 1, 0, 1, 0], [0, 1, 0, 1, 0, 0, 0, 1, 0, 1, 0], [0, 1, 1, 1, 1, 1, 1, 1, 1, 1, 0], [0, 0, 0, 1, 0, 1, 0, 1, 0, 0, 0], [0, 1, 1, 1, 0, 1, 0, 1, 1, 1, 0], [0, 1, 0, 1, 1, 1, 1, 1, 0, 1, 0], [0, 1, 0, 0, 0, 1, 0, 0, 0, 1, 0], [0, 1, 1, 1, 1, 1, 1, 1, 1, 1, 0], [0, 0, 0, 0, 0, 0, 0, 0, 0, 0, 0]]"
2025-05-31T11:25:43.716282,0,Stop,1160.0,False,False,False,"[[0, 0, 0, 0, 0, 0, 0, 0, 0, 0, 0], [0, 1, 1, 1, 1, 1, 1, 1, 1, 1, 0], [0, 1, 0, 0, 0, 1, 0, 0, 0, 1, 0], [0, 1, 0, 1, 1, 1, 1, 1, 0, 1, 0], [0, 1, 1, 1, 0, 1, 0, 1, 1, 1, 0], [0, 0, 0, 1, 0, 1, 0, 1, 0, 0, 0], [0, 1, 1, 1, 1, 1, 1, 1, 1, 1, 0], [0, 1, 0, 4, 0, 0, 0, 1, 0, 1, 0], [0, 1, 0, 1, 0, 1, 0, 1, 0, 1, 0], [0, 1, 0, 1, 0, 1, 1, 1, 0, 1, 0], [0, 2, 0, 1, 0, 1, 4, 1, 0, 1, 0], [0, 1, 0, 1, 0, 5, 0, 1, 0, 1, 0], [0, 1, 0, 1, 0, 0, 0, 1, 0, 1, 0], [0, 1, 1, 1, 1, 1, 1, 1, 1, 1, 0], [0, 0, 0, 1, 0, 1, 0, 1, 0, 0, 0], [0, 1, 1, 1, 0, 1, 0, 1, 1, 1, 0], [0, 1, 0, 1, 1, 1, 1, 1, 0, 1, 0], [0, 1, 0, 0, 0, 1, 0, 0, 0, 1, 0], [0, 1, 1, 1, 1, 1, 1, 1, 1, 1, 0], [0, 0, 0, 0, 0, 0, 0, 0, 0, 0, 0]]"
2025-05-31T11:25:43.843151,0,Stop,1159.0,False,False,False,"[[0, 0, 0, 0, 0, 0, 0, 0, 0, 0, 0], [0, 1, 1, 1, 1, 1, 1, 1, 1, 1, 0], [0, 1, 0, 0, 0, 1, 0, 0, 0, 1, 0], [0, 1, 0, 1, 1, 1, 1, 1, 0, 1, 0], [0, 1, 1, 1, 0, 1, 0, 1, 1, 1, 0], [0, 0, 0, 1, 0, 1, 0, 1, 0, 0, 0], [0, 1, 1, 1, 1, 1, 1, 1, 1, 1, 0], [0, 1, 0, 1, 0, 0, 0, 1, 0, 1, 0], [0, 1, 0, 4, 0, 1, 0, 1, 0, 1, 0], [0, 1, 0, 1, 0, 1, 1, 1, 0, 1, 0], [0, 2, 0, 1, 0, 4, 1, 1, 0, 1, 0], [0, 1, 0, 1, 0, 5, 0, 1, 0, 1, 0], [0, 1, 0, 1, 0, 0, 0, 1, 0, 1, 0], [0, 1, 1, 1, 1, 1, 1, 1, 1, 1, 0], [0, 0, 0, 1, 0, 1, 0, 1, 0, 0, 0], [0, 1, 1, 1, 0, 1, 0, 1, 1, 1, 0], [0, 1, 0, 1, 1, 1, 1, 1, 0, 1, 0], [0, 1, 0, 0, 0, 1, 0, 0, 0, 1, 0], [0, 1, 1, 1, 1, 1, 1, 1, 1, 1, 0], [0, 0, 0, 0, 0, 0, 0, 0, 0, 0, 0]]"
